2h8n  D  ALA  62   116.32  107.8  71.341   27.904   144.004  0.17   0.50   0      0
2h8n  D  GLU  63   109.39  63.5   116.819  57.934   254.965  2.02   3.63   4.54   4.50
2h8n  D  PRO  64   61.42   45.1   83.321   103.715  167.448  0.45   0.14   0      0
2h8n  D  ALA  65   61.17   56.7   86.200   68.133   114.406  0.17   0.50   0      0
2h8n  D  LEU  66   98.34   55.1   114.512  79.999   218.023  -0.56  -1.25  0      0
2h8n  D  ARG  67   144.69  60.6   117.939  90.060   337.585  0.81   1.81   12.48  12.50
2h8n  D  GLU  68   69.30   40.2   105.523  110.552  236.730  2.02   3.63   4.53   4.50
2h8n  D  GLN  69   92.06   51.6   118.764  79.488   259.142  0.58   0.77   0      0
2h8n  D  GLN  70   82.81   46.4   129.574  79.053   265.872  0.58   0.77   0      0
2h8n  D  LEU  71   14.02   7.8    96.300   183.398  193.051  -0.56  -1.25  0      0
2h8n  D  GLN  72   104.75  58.7   119.664  69.553   265.330  0.58   0.77   0      0
2h8n  D  GLN  73   99.85   55.9   117.199  74.275   255.726  0.58   0.77   0      0
2h8n  D  GLU  74   87.03   50.5   113.470  85.560   265.870  2.02   3.63   4.66   4.50
2h8n  D  LEU  75   32.83   18.4   89.052   168.705  178.763  -0.56  -1.25  0      0
2h8n  D  LEU  76   126.39  70.8   100.923  58.731   235.543  -0.56  -1.25  0      0
2h8n  D  ALA  77   57.71   53.5   91.492   67.133   109.931  0.17   0.50   0      0
2h8n  D  LEU  78   28.62   16.0   110.738  147.386  191.357  -0.56  -1.25  0      0
2h8n  D  LYS  79   69.74   34.7   108.990  129.131  259.652  0.99   2.80   10.99  10.50
2h8n  D  GLN  80   123.69  69.3   104.528  65.142   276.978  0.58   0.77   0      0
2h8n  D  LYS  81   109.58  54.6   120.058  80.745   262.532  0.99   2.80   10.18  10.50
2h8n  D  GLN  82   2.80    1.6    109.453  183.404  179.679  0.58   0.77   0      0
2h8n  D  GLN  83   57.47   32.2   116.209  117.298  224.791  0.58   0.77   0      0
2h8n  D  ILE  84   87.73   50.1   125.152  70.793   195.946  -0.31  -1.12  0      0
2h8n  D  GLN  85   37.17   20.8   112.786  145.595  211.692  0.58   0.77   0      0
2h8n  D  ARG  86   13.73   5.7    110.209  229.434  255.232  0.81   1.81   11.76  12.50
2h8n  D  GLN  87   85.28   47.8   121.525  85.348   255.961  0.58   0.77   0      0
2h8n  D  ILE  88   101.45  57.9   116.629  68.418   202.375  -0.31  -1.12  0      0
2h8n  D  LEU  89   5.97    3.3    93.951   186.908  175.451  -0.56  -1.25  0      0
2h8n  D  ILE  90   11.99   6.8    93.372   175.817  187.147  -0.31  -1.12  0      0
2h8n  D  ALA  91   58.65   54.3   90.774   67.295   107.685  0.17   0.50   0      0
2h8n  D  GLU  92   62.49   36.3   124.086  100.300  233.454  2.02   3.63   5.30   4.50
2h8n  D  PHE  93   1.41    0.7    100.321  212.116  270.308  -1.13  -1.71  0      0
2h8n  D  GLN  94   70.36   39.4   111.553  96.670   232.875  0.58   0.77   0      0
2h8n  D  ARG  95   139.45  58.4   131.249  68.594   336.303  0.81   1.81   12.30  12.50
2h8n  D  GLN  96   46.97   26.3   112.333  136.539  238.118  0.58   0.77   0      0
2h8n  D  HIS  97   6.55    3.6    98.924   189.075  224.385  0.96   2.33   2.67   6.50
2h8n  D  GLU  98   21.04   12.2   124.026  134.724  189.696  2.02   3.63   4.34   4.50
2h8n  D  GLN  99   88.41   49.5   130.935  70.722   255.234  0.58   0.77   0      0
2h8n  D  LEU  100  25.43   14.2   109.336  156.352  198.995  -0.56  -1.25  0      0
2h8n  D  SER  101  21.89   18.8   91.093   116.527  124.416  0.13   0.46   0      0
2h8n  D  ARG  102  110.45  46.3   119.703  118.557  323.080  0.81   1.81   13.37  12.50
2h8n  D  GLN  103  83.62   46.8   125.568  81.238   247.751  0.58   0.77   0      0
2h8n  D  HIS  104  16.78   9.2    106.524  175.971  204.739  0.96   2.33   4.21   6.50
2h8n  D  GLU  105  14.24   8.3    111.743  158.769  206.633  2.02   3.63   4.02   4.50
2h8n  D  ALA  106  57.86   53.6   88.020   70.294   111.797  0.17   0.50   0      0
2h8n  D  GLN  107  39.70   22.2   109.061  142.708  223.782  0.58   0.77   0      0
2h8n  D  LEU  108  7.88    4.4    81.204   201.697  182.448  -0.56  -1.25  0      0
2h8n  D  HIS  109  43.57   23.8   111.551  145.087  235.987  0.96   2.33   5.33   6.50
2h8n  D  GLU  110  92.92   53.9   121.533  66.728   262.531  2.02   3.63   4.77   4.50
2h8n  D  HIS  111  13.93   7.6    92.643   189.334  227.128  0.96   2.33   5.65   6.50
2h8n  D  ILE  112  14.64   8.4    96.558   176.167  192.972  -0.31  -1.12  0      0
2h8n  D  LYS  113  144.32  71.9   99.114   62.778   279.044  0.99   2.80   10.54  10.50
2h8n  D  GLN  114  76.48   42.8   118.793  96.448   247.873  0.58   0.77   0      0
2h8n  D  GLN  115  23.20   13.0   108.967  148.428  223.329  0.58   0.77   0      0
2h8n  D  GLN  116  82.78   46.4   105.323  108.312  239.998  0.58   0.77   0      0
2h8n  D  GLU  117  106.56  61.9   112.169  69.316   266.630  2.02   3.63   4.54   4.50
2h8n  D  MET  118  24.77   12.8   109.865  160.705  189.845  -0.23  -0.67  0      0
2h8n  D  LEU  119  40.90   22.9   125.718  124.400  198.053  -0.56  -1.25  0      0
2h8n  D  ALA  120  24.28   22.5   100.842  93.104   82.650   0.17   0.50   0      0
2h8n  D  MET  121  117.96  60.8   115.268  69.298   227.353  -0.23  -0.67  0      0
2h8n  D  LYS  122  72.40   36.1   116.720  108.450  253.910  0.99   2.80   10.30  10.50
2h8n  D  HIS  123  28.01   15.3   108.276  168.270  215.223  0.96   2.33   5.92   6.50
2h8n  D  GLN  124  100.22  56.1   113.796  77.886   247.639  0.58   0.77   0      0
2h8n  D  GLN  125  73.89   41.4   137.865  78.749   231.269  0.58   0.77   0      0
2h8n  D  GLU  126  70.62   41.0   128.251  80.728   232.072  2.02   3.63   4.52   4.50
2h8n  D  LEU  127  106.02  59.4   82.061   101.035  237.974  -0.56  -1.25  0      0
2h8n  D  LEU  128  153.15  85.7   93.434   43.994   231.465  -0.56  -1.25  0      0
2h8n  D  GLU  129  138.06  80.1   111.481  36.890   256.176  2.02   3.63   5.22   4.50
