2h8n  B  ALA  62   115.26  106.8  72.701   28.733   141.806  0.17   0.50   0      0
2h8n  B  GLU  63   113.27  65.8   113.200  61.221   259.256  2.02   3.63   4.54   4.50
2h8n  B  PRO  64   64.39   47.3   85.228   98.220   174.633  0.45   0.14   0      0
2h8n  B  ALA  65   61.62   57.1   91.110   63.669   114.785  0.17   0.50   0      0
2h8n  B  LEU  66   98.65   55.2   122.550  71.855   220.010  -0.56  -1.25  0      0
2h8n  B  ARG  67   136.90  57.3   117.993  94.423   329.115  0.81   1.81   12.46  12.50
2h8n  B  GLU  68   83.93   48.7   106.013  94.480   240.055  2.02   3.63   4.58   4.50
2h8n  B  GLN  69   96.33   54.0   124.187  71.548   258.918  0.58   0.77   0      0
2h8n  B  GLN  70   76.36   42.8   132.970  76.852   262.032  0.58   0.77   0      0
2h8n  B  LEU  71   15.23   8.5    92.969   186.307  190.112  -0.56  -1.25  0      0
2h8n  B  GLN  72   96.54   54.1   123.124  73.731   257.663  0.58   0.77   0      0
2h8n  B  GLN  73   100.69  56.4   118.671  72.493   259.064  0.58   0.77   0      0
2h8n  B  GLU  74   88.07   51.1   112.387  87.651   268.017  2.02   3.63   4.64   4.50
2h8n  B  LEU  75   30.22   16.9   90.787   168.839  178.436  -0.56  -1.25  0      0
2h8n  B  LEU  76   127.29  71.3   107.540  59.726   232.343  -0.56  -1.25  0      0
2h8n  B  ALA  77   57.73   53.5   91.973   67.264   110.360  0.17   0.50   0      0
2h8n  B  LEU  78   29.67   16.6   113.460  146.099  191.652  -0.56  -1.25  0      0
2h8n  B  LYS  79   80.59   40.1   105.241  122.968  254.023  0.99   2.80   10.94  10.50
2h8n  B  GLN  80   126.98  71.1   102.527  65.384   278.704  0.58   0.77   0      0
2h8n  B  LYS  81   113.40  56.5   118.642  80.912   246.571  0.99   2.80   10.20  10.50
2h8n  B  GLN  82   3.14    1.8    109.409  186.412  177.194  0.58   0.77   0      0
2h8n  B  GLN  83   64.60   36.2   115.922  112.597  228.560  0.58   0.77   0      0
2h8n  B  ILE  84   84.81   48.4   127.093  70.997   196.209  -0.31  -1.12  0      0
2h8n  B  GLN  85   33.65   18.9   114.759  146.649  203.323  0.58   0.77   0      0
2h8n  B  ARG  86   15.69   6.6    108.087  230.139  250.907  0.81   1.81   11.64  12.50
2h8n  B  GLN  87   86.17   48.3   121.207  86.656   256.687  0.58   0.77   0      0
2h8n  B  ILE  88   98.05   56.0   118.583  70.901   199.610  -0.31  -1.12  0      0
2h8n  B  LEU  89   6.60    3.7    92.351   191.557  176.993  -0.56  -1.25  0      0
2h8n  B  ILE  90   14.19   8.1    92.725   174.766  186.752  -0.31  -1.12  0      0
2h8n  B  ALA  91   56.20   52.1   91.106   69.264   107.947  0.17   0.50   0      0
2h8n  B  GLU  92   65.27   37.9   123.968  98.861   233.051  2.02   3.63   5.34   4.50
2h8n  B  PHE  93   1.59    0.8    100.300  211.132  268.640  -1.13  -1.71  0      0
2h8n  B  GLN  94   75.17   42.1   111.503  91.898   229.794  0.58   0.77   0      0
2h8n  B  ARG  95   137.21  57.5   132.084  70.471   334.546  0.81   1.81   12.29  12.50
2h8n  B  GLN  96   45.60   25.5   112.714  137.430  244.761  0.58   0.77   0      0
2h8n  B  HIS  97   7.00    3.8    98.809   188.912  226.775  0.96   2.33   3.60   6.50
2h8n  B  GLU  98   21.48   12.5   121.536  136.359  193.080  2.02   3.63   4.34   4.50
2h8n  B  GLN  99   87.38   49.0   132.423  73.404   253.381  0.58   0.77   0      0
2h8n  B  LEU  100  25.49   14.3   112.536  151.865  190.730  -0.56  -1.25  0      0
2h8n  B  SER  101  18.00   15.4   92.508   117.694  124.842  0.13   0.46   0      0
2h8n  B  ARG  102  117.22  49.1   121.052  113.686  323.192  0.81   1.81   13.43  12.50
2h8n  B  GLN  103  84.47   47.3   125.232  81.329   247.528  0.58   0.77   0      0
2h8n  B  HIS  104  17.93   9.8    110.330  172.441  200.993  0.96   2.33   3.55   6.50
2h8n  B  GLU  105  15.07   8.7    112.657  156.697  211.215  2.02   3.63   3.86   4.50
2h8n  B  ALA  106  57.99   53.7   88.350   70.099   112.324  0.17   0.50   0      0
2h8n  B  GLN  107  34.97   19.6   108.501  148.041  215.056  0.58   0.77   0      0
2h8n  B  LEU  108  8.02    4.5    80.764   202.939  179.071  -0.56  -1.25  0      0
2h8n  B  HIS  109  43.65   23.9   109.276  149.404  233.093  0.96   2.33   4.97   6.50
2h8n  B  GLU  110  95.14   55.2   120.097  66.825   266.023  2.02   3.63   4.74   4.50
2h8n  B  HIS  111  14.24   7.8    96.293   186.815  223.120  0.96   2.33   5.32   6.50
2h8n  B  ILE  112  14.98   8.6    95.778   175.813  196.819  -0.31  -1.12  0      0
2h8n  B  LYS  113  141.96  70.7   100.381  64.107   296.903  0.99   2.80   10.57  10.50
2h8n  B  GLN  114  78.46   44.0   113.969  98.207   252.623  0.58   0.77   0      0
2h8n  B  GLN  115  25.81   14.5   107.585  146.838  234.129  0.58   0.77   0      0
2h8n  B  GLN  116  79.95   44.8   104.800  111.260  239.460  0.58   0.77   0      0
2h8n  B  GLU  117  103.75  60.2   115.631  66.929   266.184  2.02   3.63   4.52   4.50
2h8n  B  MET  118  28.16   14.5   113.172  155.631  192.211  -0.23  -0.67  0      0
2h8n  B  LEU  119  36.93   20.7   126.788  128.718  199.908  -0.56  -1.25  0      0
2h8n  B  ALA  120  23.86   22.1   102.569  91.192   82.133   0.17   0.50   0      0
2h8n  B  MET  121  124.00  63.9   115.637  62.547   232.492  -0.23  -0.67  0      0
2h8n  B  LYS  122  64.92   32.3   117.992  127.596  255.967  0.99   2.80   10.29  10.50
2h8n  B  HIS  123  40.76   22.3   98.497   164.162  235.558  0.96   2.33   5.93   6.50
2h8n  B  GLN  124  100.40  56.2   114.955  77.447   245.439  0.58   0.77   0      0
2h8n  B  GLN  125  75.61   42.4   140.354  73.579   240.526  0.58   0.77   0      0
2h8n  B  GLU  126  66.09   38.4   132.125  80.449   220.102  2.02   3.63   4.21   4.50
2h8n  B  LEU  127  115.41  64.6   81.139   91.217   241.077  -0.56  -1.25  0      0
2h8n  B  LEU  128  148.45  83.1   94.986   48.584   232.415  -0.56  -1.25  0      0
2h8n  B  GLU  129  143.49  83.3   109.387  33.555   264.629  2.02   3.63   5.60   4.50
