2h8n  C  ALA  62   114.99  106.5  72.334   28.540   145.011  0.17   0.50   0      0
2h8n  C  GLU  63   110.03  63.9   114.885  61.163   259.091  2.02   3.63   4.53   4.50
2h8n  C  PRO  64   61.83   45.4   80.056   105.300  168.623  0.45   0.14   0      0
2h8n  C  ALA  65   55.63   51.5   86.694   73.929   111.147  0.17   0.50   0      0
2h8n  C  LEU  66   98.88   55.4   121.717  72.494   218.727  -0.56  -1.25  0      0
2h8n  C  ARG  67   135.20  56.6   118.389  92.388   326.827  0.81   1.81   12.47  12.50
2h8n  C  GLU  68   67.93   39.4   92.485   125.283  236.373  2.02   3.63   4.51   4.50
2h8n  C  GLN  69   96.50   54.1   123.429  69.499   260.389  0.58   0.77   0      0
2h8n  C  GLN  70   79.00   44.3   129.513  80.461   263.292  0.58   0.77   0      0
2h8n  C  LEU  71   14.44   8.1    95.030   185.455  186.992  -0.56  -1.25  0      0
2h8n  C  GLN  72   103.62  58.1   117.287  72.821   267.507  0.58   0.77   0      0
2h8n  C  GLN  73   104.97  58.8   114.951  71.485   261.098  0.58   0.77   0      0
2h8n  C  GLU  74   87.82   51.0   114.961  86.097   263.637  2.02   3.63   4.67   4.50
2h8n  C  LEU  75   32.30   18.1   89.781   169.975  173.630  -0.56  -1.25  0      0
2h8n  C  LEU  76   119.95  67.1   102.724  60.137   234.386  -0.56  -1.25  0      0
2h8n  C  ALA  77   54.78   50.7   93.705   67.015   107.533  0.17   0.50   0      0
2h8n  C  LEU  78   28.80   16.1   112.815  147.303  189.884  -0.56  -1.25  0      0
2h8n  C  LYS  79   73.62   36.7   110.642  119.868  259.914  0.99   2.80   10.85  10.50
2h8n  C  GLN  80   118.54  66.4   107.824  66.420   272.826  0.58   0.77   0      0
2h8n  C  LYS  81   105.59  52.6   121.291  86.748   261.191  0.99   2.80   10.15  10.50
2h8n  C  GLN  82   2.62    1.5    107.841  184.984  174.433  0.58   0.77   0      0
2h8n  C  GLN  83   58.16   32.6   117.831  115.131  221.202  0.58   0.77   0      0
2h8n  C  ILE  84   86.40   49.3   126.152  70.637   197.381  -0.31  -1.12  0      0
2h8n  C  GLN  85   36.45   20.4   114.153  144.482  203.646  0.58   0.77   0      0
2h8n  C  ARG  86   13.81   5.8    108.148  233.122  251.352  0.81   1.81   11.54  12.50
2h8n  C  GLN  87   92.49   51.8   121.094  79.457   262.021  0.58   0.77   0      0
2h8n  C  ILE  88   98.91   56.5   117.691  71.047   200.513  -0.31  -1.12  0      0
2h8n  C  LEU  89   6.18    3.5    92.029   189.883  176.060  -0.56  -1.25  0      0
2h8n  C  ILE  90   14.10   8.1    91.486   174.804  188.326  -0.31  -1.12  0      0
2h8n  C  ALA  91   60.52   56.1   90.906   65.767   107.900  0.17   0.50   0      0
2h8n  C  GLU  92   66.13   38.4   124.063  98.451   229.807  2.02   3.63   5.38   4.50
2h8n  C  PHE  93   0.99    0.5    99.804   214.489  259.986  -1.13  -1.71  0      0
2h8n  C  GLN  94   68.05   38.1   111.128  98.944   230.889  0.58   0.77   0      0
2h8n  C  ARG  95   142.07  59.5   129.425  67.306   336.625  0.81   1.81   12.31  12.50
2h8n  C  GLN  96   46.15   25.9   111.745  136.305  231.056  0.58   0.77   0      0
2h8n  C  HIS  97   4.27    2.3    97.378   192.548  222.076  0.96   2.33   3.57   6.50
2h8n  C  GLU  98   20.02   11.6   125.493  130.659  198.867  2.02   3.63   4.46   4.50
2h8n  C  GLN  99   86.22   48.3   133.241  73.084   254.954  0.58   0.77   0      0
2h8n  C  LEU  100  24.70   13.8   110.423  156.273  188.561  -0.56  -1.25  0      0
2h8n  C  SER  101  20.34   17.5   91.511   116.097  128.457  0.13   0.46   0      0
2h8n  C  ARG  102  121.10  50.7   120.876  107.493  329.799  0.81   1.81   13.41  12.50
2h8n  C  GLN  103  85.06   47.7   125.915  80.696   246.682  0.58   0.77   0      0
2h8n  C  HIS  104  16.52   9.0    107.410  173.667  196.981  0.96   2.33   3.68   6.50
2h8n  C  GLU  105  12.77   7.4    110.038  161.173  212.227  2.02   3.63   3.89   4.50
2h8n  C  ALA  106  60.45   56.0   87.070   68.381   112.039  0.17   0.50   0      0
2h8n  C  GLN  107  35.70   20.0   107.936  147.943  216.180  0.58   0.77   0      0
2h8n  C  LEU  108  8.55    4.8    79.129   205.886  180.201  -0.56  -1.25  0      0
2h8n  C  HIS  109  40.78   22.3   110.964  151.799  233.755  0.96   2.33   4.98   6.50
2h8n  C  GLU  110  94.92   55.1   120.492  67.220   260.713  2.02   3.63   4.68   4.50
2h8n  C  HIS  111  14.34   7.8    95.787   188.218  226.270  0.96   2.33   5.05   6.50
2h8n  C  ILE  112  17.51   10.0   96.872   172.712  194.987  -0.31  -1.12  0      0
2h8n  C  LYS  113  137.45  68.4   104.548  65.836   291.873  0.99   2.80   10.57  10.50
2h8n  C  GLN  114  78.61   44.0   112.046  100.783  252.144  0.58   0.77   0      0
2h8n  C  GLN  115  26.39   14.8   107.415  146.634  232.152  0.58   0.77   0      0
2h8n  C  GLN  116  79.13   44.3   106.530  108.920  238.485  0.58   0.77   0      0
2h8n  C  GLU  117  106.67  61.9   114.614  65.540   275.270  2.02   3.63   4.51   4.50
2h8n  C  MET  118  23.07   11.9   109.625  163.566  191.592  -0.23  -0.67  0      0
2h8n  C  LEU  119  37.79   21.2   122.229  132.468  202.073  -0.56  -1.25  0      0
2h8n  C  ALA  120  22.96   21.3   104.854  89.799   84.736   0.17   0.50   0      0
2h8n  C  MET  121  130.75  67.3   105.065  65.330   209.635  -0.23  -0.67  0      0
2h8n  C  LYS  122  49.03   24.4   121.334  140.163  240.063  0.99   2.80   10.63  10.50
2h8n  C  HIS  123  46.26   25.3   96.371   161.169  246.544  0.96   2.33   6.16   6.50
2h8n  C  GLN  124  99.58   55.8   109.817  82.892   252.780  0.58   0.77   0      0
2h8n  C  GLN  125  61.74   34.6   137.017  81.505   224.526  0.58   0.77   0      0
2h8n  C  GLU  126  86.30   50.1   121.824  76.196   248.908  2.02   3.63   4.50   4.50
2h8n  C  LEU  127  102.92  57.6   80.404   110.358  235.738  -0.56  -1.25  0      0
2h8n  C  LEU  128  147.63  82.6   95.521   48.665   232.825  -0.56  -1.25  0      0
2h8n  C  GLU  129  151.66  88.0   100.499  33.962   279.478  2.02   3.63   5.16   4.50
