2h8n  A  ALA  62   119.34  110.6  70.155   27.125   145.214  0.17   0.50   0      0
2h8n  A  GLU  63   106.83  62.0   117.230  62.361   256.862  2.02   3.63   4.45   4.50
2h8n  A  PRO  64   48.64   35.7   81.463   118.116  162.582  0.45   0.14   0      0
2h8n  A  ALA  65   60.70   56.2   85.365   70.214   114.188  0.17   0.50   0      0
2h8n  A  LEU  66   94.26   52.8   124.100  73.560   215.892  -0.56  -1.25  0      0
2h8n  A  ARG  67   135.02  56.6   117.226  89.793   331.831  0.81   1.81   12.47  12.50
2h8n  A  GLU  68   68.77   39.9   95.353   121.593  240.805  2.02   3.63   4.11   4.50
2h8n  A  GLN  69   95.23   53.3   126.336  71.635   256.039  0.58   0.77   0      0
2h8n  A  GLN  70   84.38   47.3   128.420  77.145   262.621  0.58   0.77   0      0
2h8n  A  LEU  71   14.33   8.0    95.388   182.913  192.523  -0.56  -1.25  0      0
2h8n  A  GLN  72   105.74  59.2   118.976  66.705   268.867  0.58   0.77   0      0
2h8n  A  GLN  73   101.84  57.1   116.016  75.231   260.691  0.58   0.77   0      0
2h8n  A  GLU  74   85.64   49.7   115.274  89.762   260.902  2.02   3.63   4.76   4.50
2h8n  A  LEU  75   33.13   18.5   86.905   170.668  175.886  -0.56  -1.25  0      0
2h8n  A  LEU  76   125.17  70.1   100.280  60.508   237.284  -0.56  -1.25  0      0
2h8n  A  ALA  77   56.39   52.2   91.349   68.350   108.480  0.17   0.50   0      0
2h8n  A  LEU  78   30.32   17.0   109.530  146.792  192.240  -0.56  -1.25  0      0
2h8n  A  LYS  79   72.30   36.0   107.144  124.480  254.573  0.99   2.80   10.92  10.50
2h8n  A  GLN  80   124.01  69.5   98.151   69.815   279.904  0.58   0.77   0      0
2h8n  A  LYS  81   107.07  53.3   120.936  84.554   260.810  0.99   2.80   10.15  10.50
2h8n  A  GLN  82   2.95    1.7    107.578  183.634  177.230  0.58   0.77   0      0
2h8n  A  GLN  83   63.91   35.8   113.911  114.288  223.756  0.58   0.77   0      0
2h8n  A  ILE  84   89.82   51.3   117.633  75.548   200.356  -0.31  -1.12  0      0
2h8n  A  GLN  85   35.50   19.9   114.841  144.863  202.617  0.58   0.77   0      0
2h8n  A  ARG  86   14.67   6.1    109.454  227.298  249.881  0.81   1.81   11.42  12.50
2h8n  A  GLN  87   87.70   49.1   122.061  83.995   255.215  0.58   0.77   0      0
2h8n  A  ILE  88   96.75   55.2   119.066  71.320   197.236  -0.31  -1.12  0      0
2h8n  A  LEU  89   5.82    3.3    92.082   187.209  176.319  -0.56  -1.25  0      0
2h8n  A  ILE  90   15.56   8.9    92.083   172.479  189.412  -0.31  -1.12  0      0
2h8n  A  ALA  91   58.18   53.9   90.728   67.819   106.721  0.17   0.50   0      0
2h8n  A  GLU  92   61.78   35.9   124.823  101.877  227.947  2.02   3.63   5.47   4.50
2h8n  A  PHE  93   0.59    0.3    97.203   215.434  266.650  -1.13  -1.71  0      0
2h8n  A  GLN  94   70.51   39.5   109.651  97.074   237.112  0.58   0.77   0      0
2h8n  A  ARG  95   144.84  60.7   129.085  66.043   341.005  0.81   1.81   12.32  12.50
2h8n  A  GLN  96   44.59   25.0   112.624  140.038  242.141  0.58   0.77   0      0
2h8n  A  HIS  97   4.64    2.5    98.371   189.758  219.147  0.96   2.33   2.57   6.50
2h8n  A  GLU  98   17.70   10.3   123.835  136.676  191.784  2.02   3.63   4.97   4.50
2h8n  A  GLN  99   86.26   48.3   132.843  72.704   255.666  0.58   0.77   0      0
2h8n  A  LEU  100  25.69   14.4   110.346  153.549  193.346  -0.56  -1.25  0      0
2h8n  A  SER  101  21.19   18.2   89.884   116.155  126.504  0.13   0.46   0      0
2h8n  A  ARG  102  105.06  44.0   122.254  121.882  319.425  0.81   1.81   12.67  12.50
2h8n  A  GLN  103  88.82   49.8   124.800  80.482   248.380  0.58   0.77   0      0
2h8n  A  HIS  104  17.02   9.3    106.458  174.046  201.615  0.96   2.33   3.94   6.50
2h8n  A  GLU  105  13.73   8.0    114.124  155.004  209.604  2.02   3.63   2.29   4.50
2h8n  A  ALA  106  56.58   52.4   87.973   72.242   107.385  0.17   0.50   0      0
2h8n  A  GLN  107  37.34   20.9   105.682  147.498  219.238  0.58   0.77   0      0
2h8n  A  LEU  108  6.65    3.7    79.655   205.737  183.796  -0.56  -1.25  0      0
2h8n  A  HIS  109  44.69   24.4   111.740  145.528  242.892  0.96   2.33   6.90   6.50
2h8n  A  GLU  110  94.89   55.1   120.582  67.140   258.333  2.02   3.63   4.78   4.50
2h8n  A  HIS  111  14.28   7.8    95.016   188.453  225.503  0.96   2.33   5.40   6.50
2h8n  A  ILE  112  16.83   9.6    95.351   174.869  196.730  -0.31  -1.12  0      0
2h8n  A  LYS  113  145.17  72.3   97.800   63.821   279.584  0.99   2.80   10.55  10.50
2h8n  A  GLN  114  76.59   42.9   116.344  98.363   249.452  0.58   0.77   0      0
2h8n  A  GLN  115  22.67   12.7   109.518  148.890  226.651  0.58   0.77   0      0
2h8n  A  GLN  116  83.98   47.1   105.622  107.459  244.260  0.58   0.77   0      0
2h8n  A  GLU  117  103.43  60.0   114.063  68.255   269.158  2.02   3.63   4.54   4.50
2h8n  A  MET  118  23.44   12.1   112.007  161.068  191.488  -0.23  -0.67  0      0
2h8n  A  LEU  119  42.75   23.9   123.070  126.506  203.564  -0.56  -1.25  0      0
2h8n  A  ALA  120  24.85   23.0   99.639   92.732   85.115   0.17   0.50   0      0
2h8n  A  MET  121  122.07  62.9   113.273  65.801   233.970  -0.23  -0.67  0      0
2h8n  A  LYS  122  63.02   31.4   109.905  134.362  263.651  0.99   2.80   10.30  10.50
2h8n  A  HIS  123  33.88   18.5   104.621  164.242  229.432  0.96   2.33   6.18   6.50
2h8n  A  GLN  124  94.82   53.1   117.161  80.728   246.323  0.58   0.77   0      0
2h8n  A  GLN  125  81.84   45.8   134.689  75.926   235.326  0.58   0.77   0      0
2h8n  A  GLU  126  74.48   43.2   128.132  77.747   229.776  2.02   3.63   4.50   4.50
2h8n  A  LEU  127  112.58  63.0   84.292   91.218   240.693  -0.56  -1.25  0      0
2h8n  A  LEU  128  148.70  83.2   97.245   43.595   227.100  -0.56  -1.25  0      0
2h8n  A  GLU  129  139.94  81.2   110.803  36.670   258.085  2.02   3.63   5.17   4.50
