2h8n B ALA 62 115.26 106.8 72.701 28.733 141.806 0.17 0.5 0 0 113.27 65.8 113.2 61.221 259.256 2.02 3.63 4.54 4.5 98.65 55.2 122.55 71.855 220.01 -0.56 -1.25 0 0 61.62 57.1 91.11 63.669 114.785 0.17 0.5 0 0 3.80991102258307 6.01334391166845 6.11752850422456
2h8n B GLU 63 113.27 65.8 113.2 61.221 259.256 2.02 3.63 4.54 4.5 115.26 106.8 72.701 28.733 141.806 0.17 0.5 0 0 64.39 47.3 85.228 98.22 174.633 0.45 0.14 0 0 98.65 55.2 122.55 71.855 220.01 -0.56 -1.25 0 0 3.80991102258307 3.81204944878736 4.61323194734451
2h8n B PRO 64 64.39 47.3 85.228 98.22 174.633 0.45 0.14 0 0 61.62 57.1 91.11 63.669 114.785 0.17 0.5 0 0 113.27 65.8 113.2 61.221 259.256 2.02 3.63 4.54 4.5 136.9 57.3 117.993 94.423 329.115 0.81 1.81 12.46 12.5 3.80319129153399 3.81204944878736 4.90171082378388
2h8n B ALA 65 61.62 57.1 91.11 63.669 114.785 0.17 0.5 0 0 98.65 55.2 122.55 71.855 220.01 -0.56 -1.25 0 0 64.39 47.3 85.228 98.22 174.633 0.45 0.14 0 0 83.93 48.7 106.013 94.48 240.055 2.02 3.63 4.58 4.5 3.78741098905308 3.80319129153399 4.85390348070499
2h8n B LEU 66 98.65 55.2 122.55 71.855 220.01 -0.56 -1.25 0 0 61.62 57.1 91.11 63.669 114.785 0.17 0.5 0 0 136.9 57.3 117.993 94.423 329.115 0.81 1.81 12.46 12.5 113.27 65.8 113.2 61.221 259.256 2.02 3.63 4.54 4.5 3.78741098905308 3.81717814622268 4.61323194734451
2h8n B ARG 67 136.9 57.3 117.993 94.423 329.115 0.81 1.81 12.46 12.5 83.93 48.7 106.013 94.48 240.055 2.02 3.63 4.58 4.5 98.65 55.2 122.55 71.855 220.01 -0.56 -1.25 0 0 76.36 42.8 132.97 76.852 262.032 0.58 0.77 0 0 3.77918165744914 3.81717814622268 4.87723292451776
2h8n B GLU 68 83.93 48.7 106.013 94.48 240.055 2.02 3.63 4.58 4.5 136.9 57.3 117.993 94.423 329.115 0.81 1.81 12.46 12.5 96.33 54 124.187 71.548 258.918 0.58 0.77 0 0 61.62 57.1 91.11 63.669 114.785 0.17 0.5 0 0 3.77918165744914 3.79117039975784 4.85390348070499
2h8n B GLN 69 96.33 54 124.187 71.548 258.918 0.58 0.77 0 0 76.36 42.8 132.97 76.852 262.032 0.58 0.77 0 0 83.93 48.7 106.013 94.48 240.055 2.02 3.63 4.58 4.5 98.65 55.2 122.55 71.855 220.01 -0.56 -1.25 0 0 3.78411072776683 3.79117039975784 5.08379582595525
2h8n B GLN 70 76.36 42.8 132.97 76.852 262.032 0.58 0.77 0 0 96.33 54 124.187 71.548 258.918 0.58 0.77 0 0 15.23 8.5 92.969 186.307 190.112 -0.56 -1.25 0 0 136.9 57.3 117.993 94.423 329.115 0.81 1.81 12.46 12.5 3.78411072776683 3.81155466968532 4.87723292451776
2h8n B LEU 71 15.23 8.5 92.969 186.307 190.112 -0.56 -1.25 0 0 96.54 54.1 123.124 73.731 257.663 0.58 0.77 0 0 76.36 42.8 132.97 76.852 262.032 0.58 0.77 0 0 88.07 51.1 112.387 87.651 268.017 2.02 3.63 4.64 4.5 3.79896104217982 3.81155466968532 4.86579962596077
2h8n B GLN 72 96.54 54.1 123.124 73.731 257.663 0.58 0.77 0 0 15.23 8.5 92.969 186.307 190.112 -0.56 -1.25 0 0 100.69 56.4 118.671 72.493 259.064 0.58 0.77 0 0 30.22 16.9 90.787 168.839 178.436 -0.56 -1.25 0 0 3.79896104217982 3.79904422190635 5.04185818919969
2h8n B GLN 73 100.69 56.4 118.671 72.493 259.064 0.58 0.77 0 0 88.07 51.1 112.387 87.651 268.017 2.02 3.63 4.64 4.5 96.54 54.1 123.124 73.731 257.663 0.58 0.77 0 0 30.22 16.9 90.787 168.839 178.436 -0.56 -1.25 0 0 3.79478194366949 3.79904422190635 5.19860240834015
2h8n B GLU 74 88.07 51.1 112.387 87.651 268.017 2.02 3.63 4.64 4.5 100.69 56.4 118.671 72.493 259.064 0.58 0.77 0 0 30.22 16.9 90.787 168.839 178.436 -0.56 -1.25 0 0 15.23 8.5 92.969 186.307 190.112 -0.56 -1.25 0 0 3.79478194366949 3.80532271956006 4.86579962596077
2h8n B LEU 75 30.22 16.9 90.787 168.839 178.436 -0.56 -1.25 0 0 88.07 51.1 112.387 87.651 268.017 2.02 3.63 4.64 4.5 127.29 71.3 107.54 59.726 232.343 -0.56 -1.25 0 0 29.67 16.6 113.46 146.099 191.652 -0.56 -1.25 0 0 3.80532271956006 3.80641524271853 4.98358595792226
2h8n B LEU 76 127.29 71.3 107.54 59.726 232.343 -0.56 -1.25 0 0 57.73 53.5 91.973 67.264 110.36 0.17 0.5 0 0 30.22 16.9 90.787 168.839 178.436 -0.56 -1.25 0 0 100.69 56.4 118.671 72.493 259.064 0.58 0.77 0 0 3.78529919557226 3.80641524271853 5.24954302773108
2h8n B ALA 77 57.73 53.5 91.973 67.264 110.36 0.17 0.5 0 0 127.29 71.3 107.54 59.726 232.343 -0.56 -1.25 0 0 29.67 16.6 113.46 146.099 191.652 -0.56 -1.25 0 0 88.07 51.1 112.387 87.651 268.017 2.02 3.63 4.64 4.5 3.78529919557226 3.8076257694264 5.08376848410704
2h8n B LEU 78 29.67 16.6 113.46 146.099 191.652 -0.56 -1.25 0 0 80.59 40.1 105.241 122.968 254.023 0.99 2.8 10.94 10.5 57.73 53.5 91.973 67.264 110.36 0.17 0.5 0 0 30.22 16.9 90.787 168.839 178.436 -0.56 -1.25 0 0 3.79845784496814 3.8076257694264 4.98358595792226
2h8n B LYS 79 80.59 40.1 105.241 122.968 254.023 0.99 2.8 10.94 10.5 126.98 71.1 102.527 65.384 278.704 0.58 0.77 0 0 29.67 16.6 113.46 146.099 191.652 -0.56 -1.25 0 0 3.14 1.8 109.409 186.412 177.194 0.58 0.77 0 0 3.78157387869125 3.79845784496814 5.22765674083523
2h8n B GLN 80 126.98 71.1 102.527 65.384 278.704 0.58 0.77 0 0 80.59 40.1 105.241 122.968 254.023 0.99 2.8 10.94 10.5 113.4 56.5 118.642 80.912 246.571 0.99 2.8 10.2 10.5 57.73 53.5 91.973 67.264 110.36 0.17 0.5 0 0 3.78157387869125 3.82102839560242 5.26591957781355
2h8n B LYS 81 113.4 56.5 118.642 80.912 246.571 0.99 2.8 10.2 10.5 126.98 71.1 102.527 65.384 278.704 0.58 0.77 0 0 3.14 1.8 109.409 186.412 177.194 0.58 0.77 0 0 29.67 16.6 113.46 146.099 191.652 -0.56 -1.25 0 0 3.82102839560242 3.82592289519797 5.16336973303288
2h8n B GLN 82 3.14 1.8 109.409 186.412 177.194 0.58 0.77 0 0 64.6 36.2 115.922 112.597 228.56 0.58 0.77 0 0 113.4 56.5 118.642 80.912 246.571 0.99 2.8 10.2 10.5 33.65 18.9 114.759 146.649 203.323 0.58 0.77 0 0 3.80654357652713 3.82592289519797 5.06142934357479
2h8n B GLN 83 64.6 36.2 115.922 112.597 228.56 0.58 0.77 0 0 3.14 1.8 109.409 186.412 177.194 0.58 0.77 0 0 84.81 48.4 127.093 70.997 196.209 -0.31 -1.12 0 0 15.69 6.6 108.087 230.139 250.907 0.81 1.81 11.64 12.5 3.80654357652713 3.83287633507788 5.27887393295199
2h8n B ILE 84 84.81 48.4 127.093 70.997 196.209 -0.31 -1.12 0 0 33.65 18.9 114.759 146.649 203.323 0.58 0.77 0 0 64.6 36.2 115.922 112.597 228.56 0.58 0.77 0 0 86.17 48.3 121.207 86.656 256.687 0.58 0.77 0 0 3.78138070022049 3.83287633507788 4.83625981518776
2h8n B GLN 85 33.65 18.9 114.759 146.649 203.323 0.58 0.77 0 0 84.81 48.4 127.093 70.997 196.209 -0.31 -1.12 0 0 15.69 6.6 108.087 230.139 250.907 0.81 1.81 11.64 12.5 98.05 56 118.583 70.901 199.61 -0.31 -1.12 0 0 3.78138070022049 3.83818251259629 4.88338960149608
2h8n B ARG 86 15.69 6.6 108.087 230.139 250.907 0.81 1.81 11.64 12.5 86.17 48.3 121.207 86.656 256.687 0.58 0.77 0 0 33.65 18.9 114.759 146.649 203.323 0.58 0.77 0 0 6.6 3.7 92.351 191.557 176.993 -0.56 -1.25 0 0 3.78434644291455 3.83818251259629 4.80000302083238
2h8n B GLN 87 86.17 48.3 121.207 86.656 256.687 0.58 0.77 0 0 98.05 56 118.583 70.901 199.61 -0.31 -1.12 0 0 15.69 6.6 108.087 230.139 250.907 0.81 1.81 11.64 12.5 84.81 48.4 127.093 70.997 196.209 -0.31 -1.12 0 0 3.76305633760644 3.78434644291455 4.83625981518776
2h8n B ILE 88 98.05 56 118.583 70.901 199.61 -0.31 -1.12 0 0 86.17 48.3 121.207 86.656 256.687 0.58 0.77 0 0 6.6 3.7 92.351 191.557 176.993 -0.56 -1.25 0 0 33.65 18.9 114.759 146.649 203.323 0.58 0.77 0 0 3.76305633760644 3.83266669565721 4.88338960149608
2h8n B LEU 89 6.6 3.7 92.351 191.557 176.993 -0.56 -1.25 0 0 14.19 8.1 92.725 174.766 186.752 -0.31 -1.12 0 0 98.05 56 118.583 70.901 199.61 -0.31 -1.12 0 0 15.69 6.6 108.087 230.139 250.907 0.81 1.81 11.64 12.5 3.82651290341481 3.83266669565721 4.80000302083238
2h8n B ILE 90 14.19 8.1 92.725 174.766 186.752 -0.31 -1.12 0 0 56.2 52.1 91.106 69.264 107.947 0.17 0.5 0 0 6.6 3.7 92.351 191.557 176.993 -0.56 -1.25 0 0 86.17 48.3 121.207 86.656 256.687 0.58 0.77 0 0 3.80459406507449 3.82651290341481 5.02930949534824
2h8n B ALA 91 56.2 52.1 91.106 69.264 107.947 0.17 0.5 0 0 65.27 37.9 123.968 98.861 233.051 2.02 3.63 5.34 4.5 14.19 8.1 92.725 174.766 186.752 -0.31 -1.12 0 0 98.05 56 118.583 70.901 199.61 -0.31 -1.12 0 0 3.78286835615515 3.80459406507449 4.96864840776644
2h8n B GLU 92 65.27 37.9 123.968 98.861 233.051 2.02 3.63 5.34 4.5 56.2 52.1 91.106 69.264 107.947 0.17 0.5 0 0 1.59 0.8 100.3 211.132 268.64 -1.13 -1.71 0 0 6.6 3.7 92.351 191.557 176.993 -0.56 -1.25 0 0 3.78286835615515 3.81144814998184 5.06294044997569
2h8n B PHE 93 1.59 0.8 100.3 211.132 268.64 -1.13 -1.71 0 0 75.17 42.1 111.503 91.898 229.794 0.58 0.77 0 0 65.27 37.9 123.968 98.861 233.051 2.02 3.63 5.34 4.5 45.6 25.5 112.714 137.43 244.761 0.58 0.77 0 0 3.78547975823409 3.81144814998184 5.02145058723074
2h8n B GLN 94 75.17 42.1 111.503 91.898 229.794 0.58 0.77 0 0 1.59 0.8 100.3 211.132 268.64 -1.13 -1.71 0 0 137.21 57.5 132.084 70.471 334.546 0.81 1.81 12.29 12.5 7 3.8 98.809 188.912 226.775 0.96 2.33 3.6 6.5 3.78547975823409 3.82215763672824 4.99410642657923
2h8n B ARG 95 137.21 57.5 132.084 70.471 334.546 0.81 1.81 12.29 12.5 45.6 25.5 112.714 137.43 244.761 0.58 0.77 0 0 75.17 42.1 111.503 91.898 229.794 0.58 0.77 0 0 1.59 0.8 100.3 211.132 268.64 -1.13 -1.71 0 0 3.7980423904954 3.82215763672824 5.18655974611303
2h8n B GLN 96 45.6 25.5 112.714 137.43 244.761 0.58 0.77 0 0 7 3.8 98.809 188.912 226.775 0.96 2.33 3.6 6.5 137.21 57.5 132.084 70.471 334.546 0.81 1.81 12.29 12.5 87.38 49 132.423 73.404 253.381 0.58 0.77 0 0 3.79559797660395 3.7980423904954 4.95767465653002
2h8n B HIS 97 7 3.8 98.809 188.912 226.775 0.96 2.33 3.6 6.5 45.6 25.5 112.714 137.43 244.761 0.58 0.77 0 0 21.48 12.5 121.536 136.359 193.08 2.02 3.63 4.34 4.5 75.17 42.1 111.503 91.898 229.794 0.58 0.77 0 0 3.79559797660395 3.83224764335501 4.99410642657923
2h8n B GLU 98 21.48 12.5 121.536 136.359 193.08 2.02 3.63 4.34 4.5 87.38 49 132.423 73.404 253.381 0.58 0.77 0 0 7 3.8 98.809 188.912 226.775 0.96 2.33 3.6 6.5 18 15.4 92.508 117.694 124.842 0.13 0.46 0 0 3.78618303836463 3.83224764335501 4.8113088655791
2h8n B GLN 99 87.38 49 132.423 73.404 253.381 0.58 0.77 0 0 21.48 12.5 121.536 136.359 193.08 2.02 3.63 4.34 4.5 25.49 14.3 112.536 151.865 190.73 -0.56 -1.25 0 0 45.6 25.5 112.714 137.43 244.761 0.58 0.77 0 0 3.78618303836463 3.79266476240651 4.95767465653002
2h8n B LEU 100 25.49 14.3 112.536 151.865 190.73 -0.56 -1.25 0 0 87.38 49 132.423 73.404 253.381 0.58 0.77 0 0 18 15.4 92.508 117.694 124.842 0.13 0.46 0 0 84.47 47.3 125.232 81.329 247.528 0.58 0.77 0 0 3.79266476240651 3.83079665343907 5.07394688580793
2h8n B SER 101 18 15.4 92.508 117.694 124.842 0.13 0.46 0 0 117.22 49.1 121.052 113.686 323.192 0.81 1.81 13.43 12.5 25.49 14.3 112.536 151.865 190.73 -0.56 -1.25 0 0 21.48 12.5 121.536 136.359 193.08 2.02 3.63 4.34 4.5 3.7896177907541 3.83079665343907 4.8113088655791
2h8n B ARG 102 117.22 49.1 121.052 113.686 323.192 0.81 1.81 13.43 12.5 84.47 47.3 125.232 81.329 247.528 0.58 0.77 0 0 18 15.4 92.508 117.694 124.842 0.13 0.46 0 0 15.07 8.7 112.657 156.697 211.215 2.02 3.63 3.86 4.5 3.78426915004734 3.7896177907541 4.90648366959476
2h8n B GLN 103 84.47 47.3 125.232 81.329 247.528 0.58 0.77 0 0 17.93 9.8 110.33 172.441 200.993 0.96 2.33 3.55 6.5 117.22 49.1 121.052 113.686 323.192 0.81 1.81 13.43 12.5 57.99 53.7 88.35 70.099 112.324 0.17 0.5 0 0 3.75221881025081 3.78426915004734 4.92037183554251
2h8n B HIS 104 17.93 9.8 110.33 172.441 200.993 0.96 2.33 3.55 6.5 84.47 47.3 125.232 81.329 247.528 0.58 0.77 0 0 15.07 8.7 112.657 156.697 211.215 2.02 3.63 3.86 4.5 34.97 19.6 108.501 148.041 215.056 0.58 0.77 0 0 3.75221881025081 3.79453462232195 5.29806058855503
2h8n B GLU 105 15.07 8.7 112.657 156.697 211.215 2.02 3.63 3.86 4.5 17.93 9.8 110.33 172.441 200.993 0.96 2.33 3.55 6.5 57.99 53.7 88.35 70.099 112.324 0.17 0.5 0 0 117.22 49.1 121.052 113.686 323.192 0.81 1.81 13.43 12.5 3.79453462232195 3.82619445402347 4.90648366959476
2h8n B ALA 106 57.99 53.7 88.35 70.099 112.324 0.17 0.5 0 0 34.97 19.6 108.501 148.041 215.056 0.58 0.77 0 0 15.07 8.7 112.657 156.697 211.215 2.02 3.63 3.86 4.5 84.47 47.3 125.232 81.329 247.528 0.58 0.77 0 0 3.81825653931215 3.82619445402347 4.92037183554251
2h8n B GLN 107 34.97 19.6 108.501 148.041 215.056 0.58 0.77 0 0 8.02 4.5 80.764 202.939 179.071 -0.56 -1.25 0 0 57.99 53.7 88.35 70.099 112.324 0.17 0.5 0 0 95.14 55.2 120.097 66.825 266.023 2.02 3.63 4.74 4.5 3.79332993555794 3.81825653931215 4.74389059738944
2h8n B LEU 108 8.02 4.5 80.764 202.939 179.071 -0.56 -1.25 0 0 34.97 19.6 108.501 148.041 215.056 0.58 0.77 0 0 43.65 23.9 109.276 149.404 233.093 0.96 2.33 4.97 6.5 15.07 8.7 112.657 156.697 211.215 2.02 3.63 3.86 4.5 3.79332993555794 3.83176995656054 4.95632313313004
2h8n B HIS 109 43.65 23.9 109.276 149.404 233.093 0.96 2.33 4.97 6.5 95.14 55.2 120.097 66.825 266.023 2.02 3.63 4.74 4.5 8.02 4.5 80.764 202.939 179.071 -0.56 -1.25 0 0 14.98 8.6 95.778 175.813 196.819 -0.31 -1.12 0 0 3.82291969572995 3.83176995656054 4.71487868348699
2h8n B GLU 110 95.14 55.2 120.097 66.825 266.023 2.02 3.63 4.74 4.5 14.24 7.8 96.293 186.815 223.12 0.96 2.33 5.32 6.5 43.65 23.9 109.276 149.404 233.093 0.96 2.33 4.97 6.5 34.97 19.6 108.501 148.041 215.056 0.58 0.77 0 0 3.78317076009001 3.82291969572995 4.74389059738944
2h8n B HIS 111 14.24 7.8 96.293 186.815 223.12 0.96 2.33 5.32 6.5 95.14 55.2 120.097 66.825 266.023 2.02 3.63 4.74 4.5 14.98 8.6 95.778 175.813 196.819 -0.31 -1.12 0 0 43.65 23.9 109.276 149.404 233.093 0.96 2.33 4.97 6.5 3.78317076009001 3.80972269332034 4.94471212508879
2h8n B ILE 112 14.98 8.6 95.778 175.813 196.819 -0.31 -1.12 0 0 14.24 7.8 96.293 186.815 223.12 0.96 2.33 5.32 6.5 141.96 70.7 100.381 64.107 296.903 0.99 2.8 10.57 10.5 43.65 23.9 109.276 149.404 233.093 0.96 2.33 4.97 6.5 3.80972269332034 3.81659455535953 4.71487868348699
2h8n B LYS 113 141.96 70.7 100.381 64.107 296.903 0.99 2.8 10.57 10.5 78.46 44 113.969 98.207 252.623 0.58 0.77 0 0 14.98 8.6 95.778 175.813 196.819 -0.31 -1.12 0 0 95.14 55.2 120.097 66.825 266.023 2.02 3.63 4.74 4.5 3.81495294859583 3.81659455535953 5.15761281990031
2h8n B GLN 114 78.46 44 113.969 98.207 252.623 0.58 0.77 0 0 25.81 14.5 107.585 146.838 234.129 0.58 0.77 0 0 141.96 70.7 100.381 64.107 296.903 0.99 2.8 10.57 10.5 79.95 44.8 104.8 111.26 239.46 0.58 0.77 0 0 3.77873907540597 3.81495294859583 4.6074658978662
2h8n B GLN 115 25.81 14.5 107.585 146.838 234.129 0.58 0.77 0 0 78.46 44 113.969 98.207 252.623 0.58 0.77 0 0 79.95 44.8 104.8 111.26 239.46 0.58 0.77 0 0 14.98 8.6 95.778 175.813 196.819 -0.31 -1.12 0 0 3.77873907540597 3.80813484530157 4.98649265516355
2h8n B GLN 116 79.95 44.8 104.8 111.26 239.46 0.58 0.77 0 0 25.81 14.5 107.585 146.838 234.129 0.58 0.77 0 0 103.75 60.2 115.631 66.929 266.184 2.02 3.63 4.52 4.5 78.46 44 113.969 98.207 252.623 0.58 0.77 0 0 3.80813484530157 3.8108810005037 4.6074658978662
2h8n B GLU 117 103.75 60.2 115.631 66.929 266.184 2.02 3.63 4.52 4.5 28.16 14.5 113.172 155.631 192.211 -0.23 -0.67 0 0 79.95 44.8 104.8 111.26 239.46 0.58 0.77 0 0 23.86 22.1 102.569 91.192 82.133 0.17 0.5 0 0 3.8085007548903 3.8108810005037 4.45549379979368
2h8n B MET 118 28.16 14.5 113.172 155.631 192.211 -0.23 -0.67 0 0 36.93 20.7 126.788 128.718 199.908 -0.56 -1.25 0 0 103.75 60.2 115.631 66.929 266.184 2.02 3.63 4.52 4.5 25.81 14.5 107.585 146.838 234.129 0.58 0.77 0 0 3.80721459862719 3.8085007548903 5.14462136604824
2h8n B LEU 119 36.93 20.7 126.788 128.718 199.908 -0.56 -1.25 0 0 23.86 22.1 102.569 91.192 82.133 0.17 0.5 0 0 28.16 14.5 113.172 155.631 192.211 -0.23 -0.67 0 0 64.92 32.3 117.992 127.596 255.967 0.99 2.8 10.29 10.5 3.79702594144417 3.80721459862719 4.79278854113136
2h8n B ALA 120 23.86 22.1 102.569 91.192 82.133 0.17 0.5 0 0 36.93 20.7 126.788 128.718 199.908 -0.56 -1.25 0 0 124 63.9 115.637 62.547 232.492 -0.23 -0.67 0 0 103.75 60.2 115.631 66.929 266.184 2.02 3.63 4.52 4.5 3.79702594144417 3.80885547113565 4.45549379979368
2h8n B MET 121 124 63.9 115.637 62.547 232.492 -0.23 -0.67 0 0 64.92 32.3 117.992 127.596 255.967 0.99 2.8 10.29 10.5 23.86 22.1 102.569 91.192 82.133 0.17 0.5 0 0 100.4 56.2 114.955 77.447 245.439 0.58 0.77 0 0 3.79983025936686 3.80885547113565 4.78385252699119
2h8n B LYS 122 64.92 32.3 117.992 127.596 255.967 0.99 2.8 10.29 10.5 124 63.9 115.637 62.547 232.492 -0.23 -0.67 0 0 40.76 22.3 98.497 164.162 235.558 0.96 2.33 5.93 6.5 36.93 20.7 126.788 128.718 199.908 -0.56 -1.25 0 0 3.79983025936686 3.80270877138915 4.79278854113136
2h8n B HIS 123 40.76 22.3 98.497 164.162 235.558 0.96 2.33 5.93 6.5 64.92 32.3 117.992 127.596 255.967 0.99 2.8 10.29 10.5 100.4 56.2 114.955 77.447 245.439 0.58 0.77 0 0 66.09 38.4 132.125 80.449 220.102 2.02 3.63 4.21 4.5 3.80270877138915 3.81239255586305 4.12921433204913
2h8n B GLN 124 100.4 56.2 114.955 77.447 245.439 0.58 0.77 0 0 75.61 42.4 140.354 73.579 240.526 0.58 0.77 0 0 40.76 22.3 98.497 164.162 235.558 0.96 2.33 5.93 6.5 124 63.9 115.637 62.547 232.492 -0.23 -0.67 0 0 3.8018144352401 3.81239255586305 4.78385252699119
2h8n B GLN 125 75.61 42.4 140.354 73.579 240.526 0.58 0.77 0 0 66.09 38.4 132.125 80.449 220.102 2.02 3.63 4.21 4.5 100.4 56.2 114.955 77.447 245.439 0.58 0.77 0 0 115.41 64.6 81.139 91.217 241.077 -0.56 -1.25 0 0 3.80124729529664 3.8018144352401 5.01442638793312
2h8n B GLU 126 66.09 38.4 132.125 80.449 220.102 2.02 3.63 4.21 4.5 115.41 64.6 81.139 91.217 241.077 -0.56 -1.25 0 0 75.61 42.4 140.354 73.579 240.526 0.58 0.77 0 0 40.76 22.3 98.497 164.162 235.558 0.96 2.33 5.93 6.5 3.79685672629347 3.80124729529664 4.12921433204913
2h8n B LEU 127 115.41 64.6 81.139 91.217 241.077 -0.56 -1.25 0 0 66.09 38.4 132.125 80.449 220.102 2.02 3.63 4.21 4.5 148.45 83.1 94.986 48.584 232.415 -0.56 -1.25 0 0 75.61 42.4 140.354 73.579 240.526 0.58 0.77 0 0 3.79685672629347 3.80885888423292 5.01442638793312
2h8n B LEU 128 148.45 83.1 94.986 48.584 232.415 -0.56 -1.25 0 0 143.49 83.3 109.387 33.555 264.629 2.02 3.63 5.6 4.5 115.41 64.6 81.139 91.217 241.077 -0.56 -1.25 0 0 66.09 38.4 132.125 80.449 220.102 2.02 3.63 4.21 4.5 3.80481615850227 3.80885888423292 4.9119628459507
2h8n B GLU 129 143.49 83.3 109.387 33.555 264.629 2.02 3.63 5.6 4.5 148.45 83.1 94.986 48.584 232.415 -0.56 -1.25 0 0 66.09 38.4 132.125 80.449 220.102 2.02 3.63 4.21 4.5 115.41 64.6 81.139 91.217 241.077 -0.56 -1.25 0 0 3.80481615850227 4.4958942380799 5.65889494512842
