2h8n D ALA 62 116.32 107.8 71.341 27.904 144.004 0.17 0.5 0 0 109.39 63.5 116.819 57.934 254.965 2.02 3.63 4.54 4.5 98.34 55.1 114.512 79.999 218.023 -0.56 -1.25 0 0 61.17 56.7 86.2 68.133 114.406 0.17 0.5 0 0 3.80744822683119 5.94905521910832 6.05931382253799
2h8n D GLU 63 109.39 63.5 116.819 57.934 254.965 2.02 3.63 4.54 4.5 116.32 107.8 71.341 27.904 144.004 0.17 0.5 0 0 61.42 45.1 83.321 103.715 167.448 0.45 0.14 0 0 98.34 55.1 114.512 79.999 218.023 -0.56 -1.25 0 0 3.80744822683119 3.81204761250433 4.5842364685954
2h8n D PRO 64 61.42 45.1 83.321 103.715 167.448 0.45 0.14 0 0 61.17 56.7 86.2 68.133 114.406 0.17 0.5 0 0 109.39 63.5 116.819 57.934 254.965 2.02 3.63 4.54 4.5 144.69 60.6 117.939 90.06 337.585 0.81 1.81 12.48 12.5 3.79373391265123 3.81204761250433 4.99232871513887
2h8n D ALA 65 61.17 56.7 86.2 68.133 114.406 0.17 0.5 0 0 61.42 45.1 83.321 103.715 167.448 0.45 0.14 0 0 98.34 55.1 114.512 79.999 218.023 -0.56 -1.25 0 0 69.3 40.2 105.523 110.552 236.73 2.02 3.63 4.53 4.5 3.79373391265123 3.79433551494857 5.0096438995202
2h8n D LEU 66 98.34 55.1 114.512 79.999 218.023 -0.56 -1.25 0 0 61.17 56.7 86.2 68.133 114.406 0.17 0.5 0 0 144.69 60.6 117.939 90.06 337.585 0.81 1.81 12.48 12.5 109.39 63.5 116.819 57.934 254.965 2.02 3.63 4.54 4.5 3.79433551494857 3.81827827692011 4.5842364685954
2h8n D ARG 67 144.69 60.6 117.939 90.06 337.585 0.81 1.81 12.48 12.5 69.3 40.2 105.523 110.552 236.73 2.02 3.63 4.53 4.5 98.34 55.1 114.512 79.999 218.023 -0.56 -1.25 0 0 82.81 46.4 129.574 79.053 265.872 0.58 0.77 0 0 3.79086942534295 3.81827827692011 4.88671975869294
2h8n D GLU 68 69.3 40.2 105.523 110.552 236.73 2.02 3.63 4.53 4.5 144.69 60.6 117.939 90.06 337.585 0.81 1.81 12.48 12.5 92.06 51.6 118.764 79.488 259.142 0.58 0.77 0 0 61.17 56.7 86.2 68.133 114.406 0.17 0.5 0 0 3.79086942534295 3.8012469006893 5.0096438995202
2h8n D GLN 69 92.06 51.6 118.764 79.488 259.142 0.58 0.77 0 0 82.81 46.4 129.574 79.053 265.872 0.58 0.77 0 0 69.3 40.2 105.523 110.552 236.73 2.02 3.63 4.53 4.5 98.34 55.1 114.512 79.999 218.023 -0.56 -1.25 0 0 3.7857159164417 3.8012469006893 5.05333652154693
2h8n D GLN 70 82.81 46.4 129.574 79.053 265.872 0.58 0.77 0 0 92.06 51.6 118.764 79.488 259.142 0.58 0.77 0 0 14.02 7.8 96.3 183.398 193.051 -0.56 -1.25 0 0 144.69 60.6 117.939 90.06 337.585 0.81 1.81 12.48 12.5 3.7857159164417 3.80404850126809 4.88671975869294
2h8n D LEU 71 14.02 7.8 96.3 183.398 193.051 -0.56 -1.25 0 0 104.75 58.7 119.664 69.553 265.33 0.58 0.77 0 0 82.81 46.4 129.574 79.053 265.872 0.58 0.77 0 0 87.03 50.5 113.47 85.56 265.87 2.02 3.63 4.66 4.5 3.79704161157078 3.80404850126809 4.76366361112956
2h8n D GLN 72 104.75 58.7 119.664 69.553 265.33 0.58 0.77 0 0 14.02 7.8 96.3 183.398 193.051 -0.56 -1.25 0 0 99.85 55.9 117.199 74.275 255.726 0.58 0.77 0 0 32.83 18.4 89.052 168.705 178.763 -0.56 -1.25 0 0 3.79704161157078 3.80620795543281 5.11915422701837
2h8n D GLN 73 99.85 55.9 117.199 74.275 255.726 0.58 0.77 0 0 87.03 50.5 113.47 85.56 265.87 2.02 3.63 4.66 4.5 104.75 58.7 119.664 69.553 265.33 0.58 0.77 0 0 126.39 70.8 100.923 58.731 235.543 -0.56 -1.25 0 0 3.78339014641631 3.80620795543281 5.06234678780504
2h8n D GLU 74 87.03 50.5 113.47 85.56 265.87 2.02 3.63 4.66 4.5 99.85 55.9 117.199 74.275 255.726 0.58 0.77 0 0 32.83 18.4 89.052 168.705 178.763 -0.56 -1.25 0 0 14.02 7.8 96.3 183.398 193.051 -0.56 -1.25 0 0 3.78339014641631 3.8014647177108 4.76366361112956
2h8n D LEU 75 32.83 18.4 89.052 168.705 178.763 -0.56 -1.25 0 0 126.39 70.8 100.923 58.731 235.543 -0.56 -1.25 0 0 87.03 50.5 113.47 85.56 265.87 2.02 3.63 4.66 4.5 28.62 16 110.738 147.386 191.357 -0.56 -1.25 0 0 3.7904817635757 3.8014647177108 5.06130635310687
2h8n D LEU 76 126.39 70.8 100.923 58.731 235.543 -0.56 -1.25 0 0 32.83 18.4 89.052 168.705 178.763 -0.56 -1.25 0 0 57.71 53.5 91.492 67.133 109.931 0.17 0.5 0 0 99.85 55.9 117.199 74.275 255.726 0.58 0.77 0 0 3.7904817635757 3.80315395428584 5.06234678780504
2h8n D ALA 77 57.71 53.5 91.492 67.133 109.931 0.17 0.5 0 0 126.39 70.8 100.923 58.731 235.543 -0.56 -1.25 0 0 28.62 16 110.738 147.386 191.357 -0.56 -1.25 0 0 87.03 50.5 113.47 85.56 265.87 2.02 3.63 4.66 4.5 3.80315395428584 3.81481611614505 5.10737368908914
2h8n D LEU 78 28.62 16 110.738 147.386 191.357 -0.56 -1.25 0 0 69.74 34.7 108.99 129.131 259.652 0.99 2.8 10.99 10.5 57.71 53.5 91.492 67.133 109.931 0.17 0.5 0 0 32.83 18.4 89.052 168.705 178.763 -0.56 -1.25 0 0 3.79209546293339 3.81481611614505 5.06130635310687
2h8n D LYS 79 69.74 34.7 108.99 129.131 259.652 0.99 2.8 10.99 10.5 123.69 69.3 104.528 65.142 276.978 0.58 0.77 0 0 28.62 16 110.738 147.386 191.357 -0.56 -1.25 0 0 2.8 1.6 109.453 183.404 179.679 0.58 0.77 0 0 3.77466713764274 3.79209546293339 5.23699436700098
2h8n D GLN 80 123.69 69.3 104.528 65.142 276.978 0.58 0.77 0 0 69.74 34.7 108.99 129.131 259.652 0.99 2.8 10.99 10.5 109.58 54.6 120.058 80.745 262.532 0.99 2.8 10.18 10.5 57.71 53.5 91.492 67.133 109.931 0.17 0.5 0 0 3.77466713764274 3.79993618367467 5.31765756701201
2h8n D LYS 81 109.58 54.6 120.058 80.745 262.532 0.99 2.8 10.18 10.5 123.69 69.3 104.528 65.142 276.978 0.58 0.77 0 0 2.8 1.6 109.453 183.404 179.679 0.58 0.77 0 0 28.62 16 110.738 147.386 191.357 -0.56 -1.25 0 0 3.79993618367467 3.81423766957435 5.08884377830564
2h8n D GLN 82 2.8 1.6 109.453 183.404 179.679 0.58 0.77 0 0 57.47 32.2 116.209 117.298 224.791 0.58 0.77 0 0 109.58 54.6 120.058 80.745 262.532 0.99 2.8 10.18 10.5 37.17 20.8 112.786 145.595 211.692 0.58 0.77 0 0 3.79872110058109 3.81423766957435 4.98926657936815
2h8n D GLN 83 57.47 32.2 116.209 117.298 224.791 0.58 0.77 0 0 2.8 1.6 109.453 183.404 179.679 0.58 0.77 0 0 87.73 50.1 125.152 70.793 195.946 -0.31 -1.12 0 0 13.73 5.7 110.209 229.434 255.232 0.81 1.81 11.76 12.5 3.79872110058109 3.81991544409035 5.13440833981871
2h8n D ILE 84 87.73 50.1 125.152 70.793 195.946 -0.31 -1.12 0 0 37.17 20.8 112.786 145.595 211.692 0.58 0.77 0 0 57.47 32.2 116.209 117.298 224.791 0.58 0.77 0 0 85.28 47.8 121.525 85.348 255.961 0.58 0.77 0 0 3.78677237235089 3.81991544409035 4.84111040981302
2h8n D GLN 85 37.17 20.8 112.786 145.595 211.692 0.58 0.77 0 0 87.73 50.1 125.152 70.793 195.946 -0.31 -1.12 0 0 13.73 5.7 110.209 229.434 255.232 0.81 1.81 11.76 12.5 101.45 57.9 116.629 68.418 202.375 -0.31 -1.12 0 0 3.78677237235089 3.81067264403543 4.89764688396377
2h8n D ARG 86 13.73 5.7 110.209 229.434 255.232 0.81 1.81 11.76 12.5 85.28 47.8 121.525 85.348 255.961 0.58 0.77 0 0 37.17 20.8 112.786 145.595 211.692 0.58 0.77 0 0 5.97 3.3 93.951 186.908 175.451 -0.56 -1.25 0 0 3.7960106691104 3.81067264403543 4.89727893834934
2h8n D GLN 87 85.28 47.8 121.525 85.348 255.961 0.58 0.77 0 0 101.45 57.9 116.629 68.418 202.375 -0.31 -1.12 0 0 13.73 5.7 110.209 229.434 255.232 0.81 1.81 11.76 12.5 87.73 50.1 125.152 70.793 195.946 -0.31 -1.12 0 0 3.78141745910181 3.7960106691104 4.84111040981302
2h8n D ILE 88 101.45 57.9 116.629 68.418 202.375 -0.31 -1.12 0 0 85.28 47.8 121.525 85.348 255.961 0.58 0.77 0 0 5.97 3.3 93.951 186.908 175.451 -0.56 -1.25 0 0 37.17 20.8 112.786 145.595 211.692 0.58 0.77 0 0 3.78141745910181 3.81231924161658 4.89764688396377
2h8n D LEU 89 5.97 3.3 93.951 186.908 175.451 -0.56 -1.25 0 0 11.99 6.8 93.372 175.817 187.147 -0.31 -1.12 0 0 101.45 57.9 116.629 68.418 202.375 -0.31 -1.12 0 0 13.73 5.7 110.209 229.434 255.232 0.81 1.81 11.76 12.5 3.80057640365248 3.81231924161658 4.89727893834934
2h8n D ILE 90 11.99 6.8 93.372 175.817 187.147 -0.31 -1.12 0 0 58.65 54.3 90.774 67.295 107.685 0.17 0.5 0 0 5.97 3.3 93.951 186.908 175.451 -0.56 -1.25 0 0 85.28 47.8 121.525 85.348 255.961 0.58 0.77 0 0 3.7966402252518 3.80057640365248 5.03726999474914
2h8n D ALA 91 58.65 54.3 90.774 67.295 107.685 0.17 0.5 0 0 11.99 6.8 93.372 175.817 187.147 -0.31 -1.12 0 0 62.49 36.3 124.086 100.3 233.454 2.02 3.63 5.3 4.5 101.45 57.9 116.629 68.418 202.375 -0.31 -1.12 0 0 3.7966402252518 3.80235045728297 5.00932031317623
2h8n D GLU 92 62.49 36.3 124.086 100.3 233.454 2.02 3.63 5.3 4.5 58.65 54.3 90.774 67.295 107.685 0.17 0.5 0 0 1.41 0.7 100.321 212.116 270.308 -1.13 -1.71 0 0 5.97 3.3 93.951 186.908 175.451 -0.56 -1.25 0 0 3.80235045728297 3.81790989940831 5.19098709302961
2h8n D PHE 93 1.41 0.7 100.321 212.116 270.308 -1.13 -1.71 0 0 70.36 39.4 111.553 96.67 232.875 0.58 0.77 0 0 62.49 36.3 124.086 100.3 233.454 2.02 3.63 5.3 4.5 46.97 26.3 112.333 136.539 238.118 0.58 0.77 0 0 3.7747892656412 3.81790989940831 4.98534702904422
2h8n D GLN 94 70.36 39.4 111.553 96.67 232.875 0.58 0.77 0 0 1.41 0.7 100.321 212.116 270.308 -1.13 -1.71 0 0 139.45 58.4 131.249 68.594 336.303 0.81 1.81 12.3 12.5 6.55 3.6 98.924 189.075 224.385 0.96 2.33 2.67 6.5 3.7747892656412 3.81679721756344 4.99298177445101
2h8n D ARG 95 139.45 58.4 131.249 68.594 336.303 0.81 1.81 12.3 12.5 46.97 26.3 112.333 136.539 238.118 0.58 0.77 0 0 70.36 39.4 111.553 96.67 232.875 0.58 0.77 0 0 1.41 0.7 100.321 212.116 270.308 -1.13 -1.71 0 0 3.81418300557275 3.81679721756344 5.2305817076115
2h8n D GLN 96 46.97 26.3 112.333 136.539 238.118 0.58 0.77 0 0 6.55 3.6 98.924 189.075 224.385 0.96 2.33 2.67 6.5 139.45 58.4 131.249 68.594 336.303 0.81 1.81 12.3 12.5 1.41 0.7 100.321 212.116 270.308 -1.13 -1.71 0 0 3.79883218897597 3.81418300557275 4.98534702904422
2h8n D HIS 97 6.55 3.6 98.924 189.075 224.385 0.96 2.33 2.67 6.5 46.97 26.3 112.333 136.539 238.118 0.58 0.77 0 0 21.04 12.2 124.026 134.724 189.696 2.02 3.63 4.34 4.5 70.36 39.4 111.553 96.67 232.875 0.58 0.77 0 0 3.79883218897597 3.81551438209844 4.99298177445101
2h8n D GLU 98 21.04 12.2 124.026 134.724 189.696 2.02 3.63 4.34 4.5 88.41 49.5 130.935 70.722 255.234 0.58 0.77 0 0 6.55 3.6 98.924 189.075 224.385 0.96 2.33 2.67 6.5 21.89 18.8 91.093 116.527 124.416 0.13 0.46 0 0 3.80397712926879 3.81551438209844 4.86758482206525
2h8n D GLN 99 88.41 49.5 130.935 70.722 255.234 0.58 0.77 0 0 25.43 14.2 109.336 156.352 198.995 -0.56 -1.25 0 0 21.04 12.2 124.026 134.724 189.696 2.02 3.63 4.34 4.5 46.97 26.3 112.333 136.539 238.118 0.58 0.77 0 0 3.78389032610619 3.80397712926879 5.08903428952881
2h8n D LEU 100 25.43 14.2 109.336 156.352 198.995 -0.56 -1.25 0 0 88.41 49.5 130.935 70.722 255.234 0.58 0.77 0 0 21.89 18.8 91.093 116.527 124.416 0.13 0.46 0 0 83.62 46.8 125.568 81.238 247.751 0.58 0.77 0 0 3.78389032610619 3.82084153034381 5.17472453373124
2h8n D SER 101 21.89 18.8 91.093 116.527 124.416 0.13 0.46 0 0 110.45 46.3 119.703 118.557 323.08 0.81 1.81 13.37 12.5 25.43 14.2 109.336 156.352 198.995 -0.56 -1.25 0 0 21.04 12.2 124.026 134.724 189.696 2.02 3.63 4.34 4.5 3.78757521377464 3.82084153034381 4.86758482206525
2h8n D ARG 102 110.45 46.3 119.703 118.557 323.08 0.81 1.81 13.37 12.5 21.89 18.8 91.093 116.527 124.416 0.13 0.46 0 0 83.62 46.8 125.568 81.238 247.751 0.58 0.77 0 0 14.24 8.3 111.743 158.769 206.633 2.02 3.63 4.02 4.5 3.78757521377464 3.80544925074557 4.84666947501065
2h8n D GLN 103 83.62 46.8 125.568 81.238 247.751 0.58 0.77 0 0 16.78 9.2 106.524 175.971 204.739 0.96 2.33 4.21 6.5 110.45 46.3 119.703 118.557 323.08 0.81 1.81 13.37 12.5 57.86 53.6 88.02 70.294 111.797 0.17 0.5 0 0 3.73413470565806 3.80544925074557 4.92096453959993
2h8n D HIS 104 16.78 9.2 106.524 175.971 204.739 0.96 2.33 4.21 6.5 83.62 46.8 125.568 81.238 247.751 0.58 0.77 0 0 14.24 8.3 111.743 158.769 206.633 2.02 3.63 4.02 4.5 21.89 18.8 91.093 116.527 124.416 0.13 0.46 0 0 3.73413470565806 3.79676428027867 5.23875271414866
2h8n D GLU 105 14.24 8.3 111.743 158.769 206.633 2.02 3.63 4.02 4.5 16.78 9.2 106.524 175.971 204.739 0.96 2.33 4.21 6.5 57.86 53.6 88.02 70.294 111.797 0.17 0.5 0 0 110.45 46.3 119.703 118.557 323.08 0.81 1.81 13.37 12.5 3.79676428027867 3.82831829920136 4.84666947501065
2h8n D ALA 106 57.86 53.6 88.02 70.294 111.797 0.17 0.5 0 0 39.7 22.2 109.061 142.708 223.782 0.58 0.77 0 0 14.24 8.3 111.743 158.769 206.633 2.02 3.63 4.02 4.5 83.62 46.8 125.568 81.238 247.751 0.58 0.77 0 0 3.81172519995868 3.82831829920136 4.92096453959993
2h8n D GLN 107 39.7 22.2 109.061 142.708 223.782 0.58 0.77 0 0 7.88 4.4 81.204 201.697 182.448 -0.56 -1.25 0 0 57.86 53.6 88.02 70.294 111.797 0.17 0.5 0 0 92.92 53.9 121.533 66.728 262.531 2.02 3.63 4.77 4.5 3.79703568590025 3.81172519995868 4.84441121293393
2h8n D LEU 108 7.88 4.4 81.204 201.697 182.448 -0.56 -1.25 0 0 39.7 22.2 109.061 142.708 223.782 0.58 0.77 0 0 43.57 23.8 111.551 145.087 235.987 0.96 2.33 5.33 6.5 14.24 8.3 111.743 158.769 206.633 2.02 3.63 4.02 4.5 3.79703568590025 3.81704938401378 4.94112294928997
2h8n D HIS 109 43.57 23.8 111.551 145.087 235.987 0.96 2.33 5.33 6.5 92.92 53.9 121.533 66.728 262.531 2.02 3.63 4.77 4.5 7.88 4.4 81.204 201.697 182.448 -0.56 -1.25 0 0 14.64 8.4 96.558 176.167 192.972 -0.31 -1.12 0 0 3.81644206034888 3.81704938401378 4.71369950251392
2h8n D GLU 110 92.92 53.9 121.533 66.728 262.531 2.02 3.63 4.77 4.5 13.93 7.6 92.643 189.334 227.128 0.96 2.33 5.65 6.5 43.57 23.8 111.551 145.087 235.987 0.96 2.33 5.33 6.5 39.7 22.2 109.061 142.708 223.782 0.58 0.77 0 0 3.78022486103671 3.81644206034888 4.84441121293393
2h8n D HIS 111 13.93 7.6 92.643 189.334 227.128 0.96 2.33 5.65 6.5 92.92 53.9 121.533 66.728 262.531 2.02 3.63 4.77 4.5 14.64 8.4 96.558 176.167 192.972 -0.31 -1.12 0 0 43.57 23.8 111.551 145.087 235.987 0.96 2.33 5.33 6.5 3.78022486103671 3.81455541315105 5.03801052003665
2h8n D ILE 112 14.64 8.4 96.558 176.167 192.972 -0.31 -1.12 0 0 13.93 7.6 92.643 189.334 227.128 0.96 2.33 5.65 6.5 144.32 71.9 99.114 62.778 279.044 0.99 2.8 10.54 10.5 43.57 23.8 111.551 145.087 235.987 0.96 2.33 5.33 6.5 3.81455541315105 3.81890795908988 4.71369950251392
2h8n D LYS 113 144.32 71.9 99.114 62.778 279.044 0.99 2.8 10.54 10.5 76.48 42.8 118.793 96.448 247.873 0.58 0.77 0 0 14.64 8.4 96.558 176.167 192.972 -0.31 -1.12 0 0 92.92 53.9 121.533 66.728 262.531 2.02 3.63 4.77 4.5 3.81034460383835 3.81890795908988 5.10442837152213
2h8n D GLN 114 76.48 42.8 118.793 96.448 247.873 0.58 0.77 0 0 23.2 13 108.967 148.428 223.329 0.58 0.77 0 0 144.32 71.9 99.114 62.778 279.044 0.99 2.8 10.54 10.5 82.78 46.4 105.323 108.312 239.998 0.58 0.77 0 0 3.77567172831537 3.81034460383835 4.59706917502881
2h8n D GLN 115 23.2 13 108.967 148.428 223.329 0.58 0.77 0 0 76.48 42.8 118.793 96.448 247.873 0.58 0.77 0 0 82.78 46.4 105.323 108.312 239.998 0.58 0.77 0 0 14.64 8.4 96.558 176.167 192.972 -0.31 -1.12 0 0 3.77567172831537 3.80904003654464 5.03747962775037
2h8n D GLN 116 82.78 46.4 105.323 108.312 239.998 0.58 0.77 0 0 23.2 13 108.967 148.428 223.329 0.58 0.77 0 0 106.56 61.9 112.169 69.316 266.63 2.02 3.63 4.54 4.5 76.48 42.8 118.793 96.448 247.873 0.58 0.77 0 0 3.80904003654464 3.81111794621998 4.59706917502881
2h8n D GLU 117 106.56 61.9 112.169 69.316 266.63 2.02 3.63 4.54 4.5 24.77 12.8 109.865 160.705 189.845 -0.23 -0.67 0 0 82.78 46.4 105.323 108.312 239.998 0.58 0.77 0 0 24.28 22.5 100.842 93.104 82.65 0.17 0.5 0 0 3.80531904050107 3.81111794621998 4.41035248024463
2h8n D MET 118 24.77 12.8 109.865 160.705 189.845 -0.23 -0.67 0 0 106.56 61.9 112.169 69.316 266.63 2.02 3.63 4.54 4.5 40.9 22.9 125.718 124.4 198.053 -0.56 -1.25 0 0 23.2 13 108.967 148.428 223.329 0.58 0.77 0 0 3.80531904050107 3.80589884258633 5.12199385005488
2h8n D LEU 119 40.9 22.9 125.718 124.4 198.053 -0.56 -1.25 0 0 24.28 22.5 100.842 93.104 82.65 0.17 0.5 0 0 24.77 12.8 109.865 160.705 189.845 -0.23 -0.67 0 0 72.4 36.1 116.72 108.45 253.91 0.99 2.8 10.3 10.5 3.79363994074293 3.80589884258633 4.78920045519083
2h8n D ALA 120 24.28 22.5 100.842 93.104 82.65 0.17 0.5 0 0 40.9 22.9 125.718 124.4 198.053 -0.56 -1.25 0 0 117.96 60.8 115.268 69.298 227.353 -0.23 -0.67 0 0 106.56 61.9 112.169 69.316 266.63 2.02 3.63 4.54 4.5 3.79363994074293 3.81219739782714 4.41035248024463
2h8n D MET 121 117.96 60.8 115.268 69.298 227.353 -0.23 -0.67 0 0 72.4 36.1 116.72 108.45 253.91 0.99 2.8 10.3 10.5 24.28 22.5 100.842 93.104 82.65 0.17 0.5 0 0 100.22 56.1 113.796 77.886 247.639 0.58 0.77 0 0 3.7948404446037 3.81219739782714 4.80573168206466
2h8n D LYS 122 72.4 36.1 116.72 108.45 253.91 0.99 2.8 10.3 10.5 117.96 60.8 115.268 69.298 227.353 -0.23 -0.67 0 0 28.01 15.3 108.276 168.27 215.223 0.96 2.33 5.92 6.5 40.9 22.9 125.718 124.4 198.053 -0.56 -1.25 0 0 3.7948404446037 3.80663460290057 4.78920045519083
2h8n D HIS 123 28.01 15.3 108.276 168.27 215.223 0.96 2.33 5.92 6.5 72.4 36.1 116.72 108.45 253.91 0.99 2.8 10.3 10.5 100.22 56.1 113.796 77.886 247.639 0.58 0.77 0 0 70.62 41 128.251 80.728 232.072 2.02 3.63 4.52 4.5 3.80663460290057 3.81063118131367 4.14008381557668
2h8n D GLN 124 100.22 56.1 113.796 77.886 247.639 0.58 0.77 0 0 73.89 41.4 137.865 78.749 231.269 0.58 0.77 0 0 28.01 15.3 108.276 168.27 215.223 0.96 2.33 5.92 6.5 117.96 60.8 115.268 69.298 227.353 -0.23 -0.67 0 0 3.7996487995603 3.81063118131367 4.80573168206466
2h8n D GLN 125 73.89 41.4 137.865 78.749 231.269 0.58 0.77 0 0 100.22 56.1 113.796 77.886 247.639 0.58 0.77 0 0 70.62 41 128.251 80.728 232.072 2.02 3.63 4.52 4.5 106.02 59.4 82.061 101.035 237.974 -0.56 -1.25 0 0 3.7996487995603 3.80674808727869 4.98838099988363
2h8n D GLU 126 70.62 41 128.251 80.728 232.072 2.02 3.63 4.52 4.5 106.02 59.4 82.061 101.035 237.974 -0.56 -1.25 0 0 73.89 41.4 137.865 78.749 231.269 0.58 0.77 0 0 28.01 15.3 108.276 168.27 215.223 0.96 2.33 5.92 6.5 3.80350391086956 3.80674808727869 4.14008381557668
2h8n D LEU 127 106.02 59.4 82.061 101.035 237.974 -0.56 -1.25 0 0 153.15 85.7 93.434 43.994 231.465 -0.56 -1.25 0 0 70.62 41 128.251 80.728 232.072 2.02 3.63 4.52 4.5 73.89 41.4 137.865 78.749 231.269 0.58 0.77 0 0 3.80221238228482 3.80350391086956 4.98838099988363
2h8n D LEU 128 153.15 85.7 93.434 43.994 231.465 -0.56 -1.25 0 0 106.02 59.4 82.061 101.035 237.974 -0.56 -1.25 0 0 138.06 80.1 111.481 36.89 256.176 2.02 3.63 5.22 4.5 70.62 41 128.251 80.728 232.072 2.02 3.63 4.52 4.5 3.80221238228482 3.80722510498132 4.96905956897279
2h8n D GLU 129 138.06 80.1 111.481 36.89 256.176 2.02 3.63 5.22 4.5 153.15 85.7 93.434 43.994 231.465 -0.56 -1.25 0 0 70.62 41 128.251 80.728 232.072 2.02 3.63 4.52 4.5 106.02 59.4 82.061 101.035 237.974 -0.56 -1.25 0 0 3.80722510498132 4.39317038139884 5.73181088313283
