2h8n A ALA 62 119.34 110.6 70.155 27.125 145.214 0.17 0.5 0 0 106.83 62 117.23 62.361 256.862 2.02 3.63 4.45 4.5 60.7 56.2 85.365 70.214 114.188 0.17 0.5 0 0 94.26 52.8 124.1 73.56 215.892 -0.56 -1.25 0 0 3.80999278214539 6.10682773623098 6.21876812560172
2h8n A GLU 63 106.83 62 117.23 62.361 256.862 2.02 3.63 4.45 4.5 119.34 110.6 70.155 27.125 145.214 0.17 0.5 0 0 48.64 35.7 81.463 118.116 162.582 0.45 0.14 0 0 94.26 52.8 124.1 73.56 215.892 -0.56 -1.25 0 0 3.80999278214539 3.81176468318809 4.73213228893699
2h8n A PRO 64 48.64 35.7 81.463 118.116 162.582 0.45 0.14 0 0 60.7 56.2 85.365 70.214 114.188 0.17 0.5 0 0 106.83 62 117.23 62.361 256.862 2.02 3.63 4.45 4.5 135.02 56.6 117.226 89.793 331.831 0.81 1.81 12.47 12.5 3.79081336918609 3.81176468318809 5.00223809909125
2h8n A ALA 65 60.7 56.2 85.365 70.214 114.188 0.17 0.5 0 0 48.64 35.7 81.463 118.116 162.582 0.45 0.14 0 0 94.26 52.8 124.1 73.56 215.892 -0.56 -1.25 0 0 68.77 39.9 95.353 121.593 240.805 2.02 3.63 4.11 4.5 3.79081336918609 3.79623682085299 4.91191581768255
2h8n A LEU 66 94.26 52.8 124.1 73.56 215.892 -0.56 -1.25 0 0 60.7 56.2 85.365 70.214 114.188 0.17 0.5 0 0 135.02 56.6 117.226 89.793 331.831 0.81 1.81 12.47 12.5 106.83 62 117.23 62.361 256.862 2.02 3.63 4.45 4.5 3.79623682085299 3.81620858968689 4.73213228893699
2h8n A ARG 67 135.02 56.6 117.226 89.793 331.831 0.81 1.81 12.47 12.5 68.77 39.9 95.353 121.593 240.805 2.02 3.63 4.11 4.5 94.26 52.8 124.1 73.56 215.892 -0.56 -1.25 0 0 84.38 47.3 128.42 77.145 262.621 0.58 0.77 0 0 3.78495693502581 3.81620858968689 4.78994415416297
2h8n A GLU 68 68.77 39.9 95.353 121.593 240.805 2.02 3.63 4.11 4.5 135.02 56.6 117.226 89.793 331.831 0.81 1.81 12.47 12.5 95.23 53.3 126.336 71.635 256.039 0.58 0.77 0 0 60.7 56.2 85.365 70.214 114.188 0.17 0.5 0 0 3.78495693502581 3.79657595735947 4.91191581768255
2h8n A GLN 69 95.23 53.3 126.336 71.635 256.039 0.58 0.77 0 0 84.38 47.3 128.42 77.145 262.621 0.58 0.77 0 0 68.77 39.9 95.353 121.593 240.805 2.02 3.63 4.11 4.5 94.26 52.8 124.1 73.56 215.892 -0.56 -1.25 0 0 3.78547368238111 3.79657595735947 4.87163607015138
2h8n A GLN 70 84.38 47.3 128.42 77.145 262.621 0.58 0.77 0 0 95.23 53.3 126.336 71.635 256.039 0.58 0.77 0 0 14.33 8 95.388 182.913 192.523 -0.56 -1.25 0 0 135.02 56.6 117.226 89.793 331.831 0.81 1.81 12.47 12.5 3.78547368238111 3.81033174408738 4.78994415416297
2h8n A LEU 71 14.33 8 95.388 182.913 192.523 -0.56 -1.25 0 0 105.74 59.2 118.976 66.705 268.867 0.58 0.77 0 0 84.38 47.3 128.42 77.145 262.621 0.58 0.77 0 0 85.64 49.7 115.274 89.762 260.902 2.02 3.63 4.76 4.5 3.79307500584947 3.81033174408738 4.85163075676622
2h8n A GLN 72 105.74 59.2 118.976 66.705 268.867 0.58 0.77 0 0 14.33 8 95.388 182.913 192.523 -0.56 -1.25 0 0 101.84 57.1 116.016 75.231 260.691 0.58 0.77 0 0 33.13 18.5 86.905 170.668 175.886 -0.56 -1.25 0 0 3.79307500584947 3.80822806564943 5.21331919222294
2h8n A GLN 73 101.84 57.1 116.016 75.231 260.691 0.58 0.77 0 0 85.64 49.7 115.274 89.762 260.902 2.02 3.63 4.76 4.5 105.74 59.2 118.976 66.705 268.867 0.58 0.77 0 0 125.17 70.1 100.28 60.508 237.284 -0.56 -1.25 0 0 3.80479250419783 3.80822806564943 4.99592363832755
2h8n A GLU 74 85.64 49.7 115.274 89.762 260.902 2.02 3.63 4.76 4.5 101.84 57.1 116.016 75.231 260.691 0.58 0.77 0 0 33.13 18.5 86.905 170.668 175.886 -0.56 -1.25 0 0 14.33 8 95.388 182.913 192.523 -0.56 -1.25 0 0 3.80479250419783 3.80926948377245 4.85163075676622
2h8n A LEU 75 33.13 18.5 86.905 170.668 175.886 -0.56 -1.25 0 0 125.17 70.1 100.28 60.508 237.284 -0.56 -1.25 0 0 85.64 49.7 115.274 89.762 260.902 2.02 3.63 4.76 4.5 30.32 17 109.53 146.792 192.24 -0.56 -1.25 0 0 3.79971301547893 3.80926948377245 4.94001751009042
2h8n A LEU 76 125.17 70.1 100.28 60.508 237.284 -0.56 -1.25 0 0 56.39 52.2 91.349 68.35 108.48 0.17 0.5 0 0 33.13 18.5 86.905 170.668 175.886 -0.56 -1.25 0 0 101.84 57.1 116.016 75.231 260.691 0.58 0.77 0 0 3.78771342632993 3.79971301547893 4.99592363832755
2h8n A ALA 77 56.39 52.2 91.349 68.35 108.48 0.17 0.5 0 0 125.17 70.1 100.28 60.508 237.284 -0.56 -1.25 0 0 30.32 17 109.53 146.792 192.24 -0.56 -1.25 0 0 85.64 49.7 115.274 89.762 260.902 2.02 3.63 4.76 4.5 3.78771342632993 3.80018486392439 5.01110546686058
2h8n A LEU 78 30.32 17 109.53 146.792 192.24 -0.56 -1.25 0 0 72.3 36 107.144 124.48 254.573 0.99 2.8 10.92 10.5 56.39 52.2 91.349 68.35 108.48 0.17 0.5 0 0 33.13 18.5 86.905 170.668 175.886 -0.56 -1.25 0 0 3.79430797379443 3.80018486392439 4.94001751009042
2h8n A LYS 79 72.3 36 107.144 124.48 254.573 0.99 2.8 10.92 10.5 124.01 69.5 98.151 69.815 279.904 0.58 0.77 0 0 30.32 17 109.53 146.792 192.24 -0.56 -1.25 0 0 2.95 1.7 107.578 183.634 177.23 0.58 0.77 0 0 3.7720099416624 3.79430797379443 5.26257788540939
2h8n A GLN 80 124.01 69.5 98.151 69.815 279.904 0.58 0.77 0 0 72.3 36 107.144 124.48 254.573 0.99 2.8 10.92 10.5 107.07 53.3 120.936 84.554 260.81 0.99 2.8 10.15 10.5 56.39 52.2 91.349 68.35 108.48 0.17 0.5 0 0 3.7720099416624 3.79589739060476 5.20489048876151
2h8n A LYS 81 107.07 53.3 120.936 84.554 260.81 0.99 2.8 10.15 10.5 124.01 69.5 98.151 69.815 279.904 0.58 0.77 0 0 2.95 1.7 107.578 183.634 177.23 0.58 0.77 0 0 30.32 17 109.53 146.792 192.24 -0.56 -1.25 0 0 3.79589739060476 3.83713982023069 5.09608879435985
2h8n A GLN 82 2.95 1.7 107.578 183.634 177.23 0.58 0.77 0 0 63.91 35.8 113.911 114.288 223.756 0.58 0.77 0 0 107.07 53.3 120.936 84.554 260.81 0.99 2.8 10.15 10.5 35.5 19.9 114.841 144.863 202.617 0.58 0.77 0 0 3.78535718261831 3.83713982023069 5.02337685227776
2h8n A GLN 83 63.91 35.8 113.911 114.288 223.756 0.58 0.77 0 0 2.95 1.7 107.578 183.634 177.23 0.58 0.77 0 0 89.82 51.3 117.633 75.548 200.356 -0.31 -1.12 0 0 14.67 6.1 109.454 227.298 249.881 0.81 1.81 11.42 12.5 3.78535718261831 3.82566556300992 5.21739043967384
2h8n A ILE 84 89.82 51.3 117.633 75.548 200.356 -0.31 -1.12 0 0 35.5 19.9 114.841 144.863 202.617 0.58 0.77 0 0 63.91 35.8 113.911 114.288 223.756 0.58 0.77 0 0 87.7 49.1 122.061 83.995 255.215 0.58 0.77 0 0 3.79467851075687 3.82566556300992 4.85815736673895
2h8n A GLN 85 35.5 19.9 114.841 144.863 202.617 0.58 0.77 0 0 89.82 51.3 117.633 75.548 200.356 -0.31 -1.12 0 0 14.67 6.1 109.454 227.298 249.881 0.81 1.81 11.42 12.5 96.75 55.2 119.066 71.32 197.236 -0.31 -1.12 0 0 3.79467851075687 3.8260288812292 4.8602586350934
2h8n A ARG 86 14.67 6.1 109.454 227.298 249.881 0.81 1.81 11.42 12.5 87.7 49.1 122.061 83.995 255.215 0.58 0.77 0 0 35.5 19.9 114.841 144.863 202.617 0.58 0.77 0 0 5.82 3.3 92.082 187.209 176.319 -0.56 -1.25 0 0 3.78224126676234 3.8260288812292 4.94033541371434
2h8n A GLN 87 87.7 49.1 122.061 83.995 255.215 0.58 0.77 0 0 96.75 55.2 119.066 71.32 197.236 -0.31 -1.12 0 0 14.67 6.1 109.454 227.298 249.881 0.81 1.81 11.42 12.5 89.82 51.3 117.633 75.548 200.356 -0.31 -1.12 0 0 3.77201325554405 3.78224126676234 4.85815736673895
2h8n A ILE 88 96.75 55.2 119.066 71.32 197.236 -0.31 -1.12 0 0 87.7 49.1 122.061 83.995 255.215 0.58 0.77 0 0 5.82 3.3 92.082 187.209 176.319 -0.56 -1.25 0 0 58.18 53.9 90.728 67.819 106.721 0.17 0.5 0 0 3.77201325554405 3.81851659679515 4.84487791383849
2h8n A LEU 89 5.82 3.3 92.082 187.209 176.319 -0.56 -1.25 0 0 15.56 8.9 92.083 172.479 189.412 -0.31 -1.12 0 0 96.75 55.2 119.066 71.32 197.236 -0.31 -1.12 0 0 14.67 6.1 109.454 227.298 249.881 0.81 1.81 11.42 12.5 3.803111489294 3.81851659679515 4.94033541371434
2h8n A ILE 90 15.56 8.9 92.083 172.479 189.412 -0.31 -1.12 0 0 58.18 53.9 90.728 67.819 106.721 0.17 0.5 0 0 5.82 3.3 92.082 187.209 176.319 -0.56 -1.25 0 0 87.7 49.1 122.061 83.995 255.215 0.58 0.77 0 0 3.78300859105554 3.803111489294 5.03392729387305
2h8n A ALA 91 58.18 53.9 90.728 67.819 106.721 0.17 0.5 0 0 15.56 8.9 92.083 172.479 189.412 -0.31 -1.12 0 0 61.78 35.9 124.823 101.877 227.947 2.02 3.63 5.47 4.5 96.75 55.2 119.066 71.32 197.236 -0.31 -1.12 0 0 3.78300859105554 3.80604900126102 4.84487791383849
2h8n A GLU 92 61.78 35.9 124.823 101.877 227.947 2.02 3.63 5.47 4.5 0.59 0.3 97.203 215.434 266.65 -1.13 -1.71 0 0 58.18 53.9 90.728 67.819 106.721 0.17 0.5 0 0 5.82 3.3 92.082 187.209 176.319 -0.56 -1.25 0 0 3.79873360476883 3.80604900126102 5.06320550639612
2h8n A PHE 93 0.59 0.3 97.203 215.434 266.65 -1.13 -1.71 0 0 70.51 39.5 109.651 97.074 237.112 0.58 0.77 0 0 61.78 35.9 124.823 101.877 227.947 2.02 3.63 5.47 4.5 44.59 25 112.624 140.038 242.141 0.58 0.77 0 0 3.78522403564175 3.79873360476883 4.99384290902307
2h8n A GLN 94 70.51 39.5 109.651 97.074 237.112 0.58 0.77 0 0 0.59 0.3 97.203 215.434 266.65 -1.13 -1.71 0 0 144.84 60.7 129.085 66.043 341.005 0.81 1.81 12.32 12.5 4.64 2.5 98.371 189.758 219.147 0.96 2.33 2.57 6.5 3.78522403564175 3.82165971797595 5.02895168002239
2h8n A ARG 95 144.84 60.7 129.085 66.043 341.005 0.81 1.81 12.32 12.5 44.59 25 112.624 140.038 242.141 0.58 0.77 0 0 70.51 39.5 109.651 97.074 237.112 0.58 0.77 0 0 0.59 0.3 97.203 215.434 266.65 -1.13 -1.71 0 0 3.79889734001855 3.82165971797595 5.14054257836661
2h8n A GLN 96 44.59 25 112.624 140.038 242.141 0.58 0.77 0 0 4.64 2.5 98.371 189.758 219.147 0.96 2.33 2.57 6.5 144.84 60.7 129.085 66.043 341.005 0.81 1.81 12.32 12.5 0.59 0.3 97.203 215.434 266.65 -1.13 -1.71 0 0 3.79757462072834 3.79889734001855 4.99384290902307
2h8n A HIS 97 4.64 2.5 98.371 189.758 219.147 0.96 2.33 2.57 6.5 44.59 25 112.624 140.038 242.141 0.58 0.77 0 0 17.7 10.3 123.835 136.676 191.784 2.02 3.63 4.97 4.5 70.51 39.5 109.651 97.074 237.112 0.58 0.77 0 0 3.79757462072834 3.81250114754081 5.02895168002239
2h8n A GLU 98 17.7 10.3 123.835 136.676 191.784 2.02 3.63 4.97 4.5 86.26 48.3 132.843 72.704 255.666 0.58 0.77 0 0 4.64 2.5 98.371 189.758 219.147 0.96 2.33 2.57 6.5 21.19 18.2 89.884 116.155 126.504 0.13 0.46 0 0 3.80010026183521 3.81250114754081 4.83763774997674
2h8n A GLN 99 86.26 48.3 132.843 72.704 255.666 0.58 0.77 0 0 25.69 14.4 110.346 153.549 193.346 -0.56 -1.25 0 0 17.7 10.3 123.835 136.676 191.784 2.02 3.63 4.97 4.5 44.59 25 112.624 140.038 242.141 0.58 0.77 0 0 3.77899841227805 3.80010026183521 5.03742076860769
2h8n A LEU 100 25.69 14.4 110.346 153.549 193.346 -0.56 -1.25 0 0 86.26 48.3 132.843 72.704 255.666 0.58 0.77 0 0 21.19 18.2 89.884 116.155 126.504 0.13 0.46 0 0 88.82 49.8 124.8 80.482 248.38 0.58 0.77 0 0 3.77899841227805 3.80818303131559 5.09190818848887
2h8n A SER 101 21.19 18.2 89.884 116.155 126.504 0.13 0.46 0 0 105.06 44 122.254 121.882 319.425 0.81 1.81 12.67 12.5 25.69 14.4 110.346 153.549 193.346 -0.56 -1.25 0 0 17.7 10.3 123.835 136.676 191.784 2.02 3.63 4.97 4.5 3.79177715589933 3.80818303131559 4.83763774997674
2h8n A ARG 102 105.06 44 122.254 121.882 319.425 0.81 1.81 12.67 12.5 21.19 18.2 89.884 116.155 126.504 0.13 0.46 0 0 88.82 49.8 124.8 80.482 248.38 0.58 0.77 0 0 13.73 8 114.124 155.004 209.604 2.02 3.63 2.29 4.5 3.79177715589933 3.79879283457258 4.87501323075128
2h8n A GLN 103 88.82 49.8 124.8 80.482 248.38 0.58 0.77 0 0 17.02 9.3 106.458 174.046 201.615 0.96 2.33 3.94 6.5 105.06 44 122.254 121.882 319.425 0.81 1.81 12.67 12.5 56.58 52.4 87.973 72.242 107.385 0.17 0.5 0 0 3.76464008903906 3.79879283457258 5.02767242369668
2h8n A HIS 104 17.02 9.3 106.458 174.046 201.615 0.96 2.33 3.94 6.5 88.82 49.8 124.8 80.482 248.38 0.58 0.77 0 0 13.73 8 114.124 155.004 209.604 2.02 3.63 2.29 4.5 21.19 18.2 89.884 116.155 126.504 0.13 0.46 0 0 3.76464008903906 3.77576614741962 5.32281748700817
2h8n A GLU 105 13.73 8 114.124 155.004 209.604 2.02 3.63 2.29 4.5 17.02 9.3 106.458 174.046 201.615 0.96 2.33 3.94 6.5 56.58 52.4 87.973 72.242 107.385 0.17 0.5 0 0 105.06 44 122.254 121.882 319.425 0.81 1.81 12.67 12.5 3.77576614741962 3.82710478037903 4.87501323075128
2h8n A ALA 106 56.58 52.4 87.973 72.242 107.385 0.17 0.5 0 0 37.34 20.9 105.682 147.498 219.238 0.58 0.77 0 0 13.73 8 114.124 155.004 209.604 2.02 3.63 2.29 4.5 44.69 24.4 111.74 145.528 242.892 0.96 2.33 6.9 6.5 3.81385434960487 3.82710478037903 4.95467345039004
2h8n A GLN 107 37.34 20.9 105.682 147.498 219.238 0.58 0.77 0 0 6.65 3.7 79.655 205.737 183.796 -0.56 -1.25 0 0 56.58 52.4 87.973 72.242 107.385 0.17 0.5 0 0 94.89 55.1 120.582 67.14 258.333 2.02 3.63 4.78 4.5 3.78732689373389 3.81385434960487 4.83126494823043
2h8n A LEU 108 6.65 3.7 79.655 205.737 183.796 -0.56 -1.25 0 0 37.34 20.9 105.682 147.498 219.238 0.58 0.77 0 0 44.69 24.4 111.74 145.528 242.892 0.96 2.33 6.9 6.5 14.28 7.8 95.016 188.453 225.503 0.96 2.33 5.4 6.5 3.78732689373389 3.82196428554742 5.03042324263078
2h8n A HIS 109 44.69 24.4 111.74 145.528 242.892 0.96 2.33 6.9 6.5 6.65 3.7 79.655 205.737 183.796 -0.56 -1.25 0 0 94.89 55.1 120.582 67.14 258.333 2.02 3.63 4.78 4.5 16.83 9.6 95.351 174.869 196.73 -0.31 -1.12 0 0 3.82196428554742 3.83013772598323 4.87579142293844
2h8n A GLU 110 94.89 55.1 120.582 67.14 258.333 2.02 3.63 4.78 4.5 14.28 7.8 95.016 188.453 225.503 0.96 2.33 5.4 6.5 44.69 24.4 111.74 145.528 242.892 0.96 2.33 6.9 6.5 37.34 20.9 105.682 147.498 219.238 0.58 0.77 0 0 3.77642396984237 3.83013772598323 4.83126494823043
2h8n A HIS 111 14.28 7.8 95.016 188.453 225.503 0.96 2.33 5.4 6.5 94.89 55.1 120.582 67.14 258.333 2.02 3.63 4.78 4.5 16.83 9.6 95.351 174.869 196.73 -0.31 -1.12 0 0 6.65 3.7 79.655 205.737 183.796 -0.56 -1.25 0 0 3.77642396984237 3.80049273121263 5.03042324263078
2h8n A ILE 112 16.83 9.6 95.351 174.869 196.73 -0.31 -1.12 0 0 14.28 7.8 95.016 188.453 225.503 0.96 2.33 5.4 6.5 145.17 72.3 97.8 63.821 279.584 0.99 2.8 10.55 10.5 44.69 24.4 111.74 145.528 242.892 0.96 2.33 6.9 6.5 3.80049273121263 3.82365767296185 4.87579142293844
2h8n A LYS 113 145.17 72.3 97.8 63.821 279.584 0.99 2.8 10.55 10.5 76.59 42.9 116.344 98.363 249.452 0.58 0.77 0 0 16.83 9.6 95.351 174.869 196.73 -0.31 -1.12 0 0 94.89 55.1 120.582 67.14 258.333 2.02 3.63 4.78 4.5 3.82062691190857 3.82365767296185 5.00254825064186
2h8n A GLN 114 76.59 42.9 116.344 98.363 249.452 0.58 0.77 0 0 22.67 12.7 109.518 148.89 226.651 0.58 0.77 0 0 145.17 72.3 97.8 63.821 279.584 0.99 2.8 10.55 10.5 83.98 47.1 105.622 107.459 244.26 0.58 0.77 0 0 3.77081145113356 3.82062691190857 4.6191295716834
2h8n A GLN 115 22.67 12.7 109.518 148.89 226.651 0.58 0.77 0 0 76.59 42.9 116.344 98.363 249.452 0.58 0.77 0 0 83.98 47.1 105.622 107.459 244.26 0.58 0.77 0 0 16.83 9.6 95.351 174.869 196.73 -0.31 -1.12 0 0 3.77081145113356 3.80756103037102 5.05859239314654
2h8n A GLN 116 83.98 47.1 105.622 107.459 244.26 0.58 0.77 0 0 22.67 12.7 109.518 148.89 226.651 0.58 0.77 0 0 103.43 60 114.063 68.255 269.158 2.02 3.63 4.54 4.5 76.59 42.9 116.344 98.363 249.452 0.58 0.77 0 0 3.80756103037102 3.81530719601974 4.6191295716834
2h8n A GLU 117 103.43 60 114.063 68.255 269.158 2.02 3.63 4.54 4.5 23.44 12.1 112.007 161.068 191.488 -0.23 -0.67 0 0 83.98 47.1 105.622 107.459 244.26 0.58 0.77 0 0 24.85 23 99.639 92.732 85.115 0.17 0.5 0 0 3.81081172455423 3.81530719601974 4.58432612277966
2h8n A MET 118 23.44 12.1 112.007 161.068 191.488 -0.23 -0.67 0 0 103.43 60 114.063 68.255 269.158 2.02 3.63 4.54 4.5 42.75 23.9 123.07 126.506 203.564 -0.56 -1.25 0 0 24.85 23 99.639 92.732 85.115 0.17 0.5 0 0 3.81081172455423 3.81283909967363 5.11672551540534
2h8n A LEU 119 42.75 23.9 123.07 126.506 203.564 -0.56 -1.25 0 0 24.85 23 99.639 92.732 85.115 0.17 0.5 0 0 23.44 12.1 112.007 161.068 191.488 -0.23 -0.67 0 0 63.02 31.4 109.905 134.362 263.651 0.99 2.8 10.3 10.5 3.79645176447693 3.81283909967363 4.93957133767698
2h8n A ALA 120 24.85 23 99.639 92.732 85.115 0.17 0.5 0 0 42.75 23.9 123.07 126.506 203.564 -0.56 -1.25 0 0 122.07 62.9 113.273 65.801 233.97 -0.23 -0.67 0 0 103.43 60 114.063 68.255 269.158 2.02 3.63 4.54 4.5 3.79645176447693 3.80501892242338 4.58432612277966
2h8n A MET 121 122.07 62.9 113.273 65.801 233.97 -0.23 -0.67 0 0 24.85 23 99.639 92.732 85.115 0.17 0.5 0 0 63.02 31.4 109.905 134.362 263.651 0.99 2.8 10.3 10.5 94.82 53.1 117.161 80.728 246.323 0.58 0.77 0 0 3.80501892242338 3.80535044378307 4.82136184080804
2h8n A LYS 122 63.02 31.4 109.905 134.362 263.651 0.99 2.8 10.3 10.5 33.88 18.5 104.621 164.242 229.432 0.96 2.33 6.18 6.5 122.07 62.9 113.273 65.801 233.97 -0.23 -0.67 0 0 42.75 23.9 123.07 126.506 203.564 -0.56 -1.25 0 0 3.80184402625884 3.80535044378307 4.93957133767698
2h8n A HIS 123 33.88 18.5 104.621 164.242 229.432 0.96 2.33 6.18 6.5 63.02 31.4 109.905 134.362 263.651 0.99 2.8 10.3 10.5 94.82 53.1 117.161 80.728 246.323 0.58 0.77 0 0 74.48 43.2 128.132 77.747 229.776 2.02 3.63 4.5 4.5 3.80184402625884 3.81312837444532 4.12389936831635
2h8n A GLN 124 94.82 53.1 117.161 80.728 246.323 0.58 0.77 0 0 81.84 45.8 134.689 75.926 235.326 0.58 0.77 0 0 33.88 18.5 104.621 164.242 229.432 0.96 2.33 6.18 6.5 122.07 62.9 113.273 65.801 233.97 -0.23 -0.67 0 0 3.80195647002961 3.81312837444532 4.82136184080804
2h8n A GLN 125 81.84 45.8 134.689 75.926 235.326 0.58 0.77 0 0 94.82 53.1 117.161 80.728 246.323 0.58 0.77 0 0 74.48 43.2 128.132 77.747 229.776 2.02 3.63 4.5 4.5 148.7 83.2 97.245 43.595 227.1 -0.56 -1.25 0 0 3.80195647002961 3.80645175984144 5.00673246738829
2h8n A GLU 126 74.48 43.2 128.132 77.747 229.776 2.02 3.63 4.5 4.5 112.58 63 84.292 91.218 240.693 -0.56 -1.25 0 0 81.84 45.8 134.689 75.926 235.326 0.58 0.77 0 0 33.88 18.5 104.621 164.242 229.432 0.96 2.33 6.18 6.5 3.80082806767158 3.80645175984144 4.12389936831635
2h8n A LEU 127 112.58 63 84.292 91.218 240.693 -0.56 -1.25 0 0 74.48 43.2 128.132 77.747 229.776 2.02 3.63 4.5 4.5 148.7 83.2 97.245 43.595 227.1 -0.56 -1.25 0 0 81.84 45.8 134.689 75.926 235.326 0.58 0.77 0 0 3.80082806767158 3.8097111439058 5.08532054053626
2h8n A LEU 128 148.7 83.2 97.245 43.595 227.1 -0.56 -1.25 0 0 139.94 81.2 110.803 36.67 258.085 2.02 3.63 5.17 4.5 112.58 63 84.292 91.218 240.693 -0.56 -1.25 0 0 74.48 43.2 128.132 77.747 229.776 2.02 3.63 4.5 4.5 3.80822622752378 3.8097111439058 4.93086290622646
2h8n A GLU 129 139.94 81.2 110.803 36.67 258.085 2.02 3.63 5.17 4.5 148.7 83.2 97.245 43.595 227.1 -0.56 -1.25 0 0 74.48 43.2 128.132 77.747 229.776 2.02 3.63 4.5 4.5 112.58 63 84.292 91.218 240.693 -0.56 -1.25 0 0 3.80822622752378 4.43257825650039 5.71760824121415
