2h8n C ALA 62 114.99 106.5 72.334 28.54 145.011 0.17 0.5 0 0 110.03 63.9 114.885 61.163 259.091 2.02 3.63 4.53 4.5 55.63 51.5 86.694 73.929 111.147 0.17 0.5 0 0 98.88 55.4 121.717 72.494 218.727 -0.56 -1.25 0 0 3.80709193479748 6.13117109531286 6.16745198603118
2h8n C GLU 63 110.03 63.9 114.885 61.163 259.091 2.02 3.63 4.53 4.5 114.99 106.5 72.334 28.54 145.011 0.17 0.5 0 0 61.83 45.4 80.056 105.3 168.623 0.45 0.14 0 0 98.88 55.4 121.717 72.494 218.727 -0.56 -1.25 0 0 3.80709193479748 3.8146374663918 4.64465682262963
2h8n C PRO 64 61.83 45.4 80.056 105.3 168.623 0.45 0.14 0 0 55.63 51.5 86.694 73.929 111.147 0.17 0.5 0 0 110.03 63.9 114.885 61.163 259.091 2.02 3.63 4.53 4.5 98.88 55.4 121.717 72.494 218.727 -0.56 -1.25 0 0 3.79865305075365 3.8146374663918 5.13290814256402
2h8n C ALA 65 55.63 51.5 86.694 73.929 111.147 0.17 0.5 0 0 98.88 55.4 121.717 72.494 218.727 -0.56 -1.25 0 0 61.83 45.4 80.056 105.3 168.623 0.45 0.14 0 0 67.93 39.4 92.485 125.283 236.373 2.02 3.63 4.51 4.5 3.79745849220239 3.79865305075365 4.91162875225724
2h8n C LEU 66 98.88 55.4 121.717 72.494 218.727 -0.56 -1.25 0 0 55.63 51.5 86.694 73.929 111.147 0.17 0.5 0 0 135.2 56.6 118.389 92.388 326.827 0.81 1.81 12.47 12.5 110.03 63.9 114.885 61.163 259.091 2.02 3.63 4.53 4.5 3.79745849220239 3.8291603518265 4.64465682262963
2h8n C ARG 67 135.2 56.6 118.389 92.388 326.827 0.81 1.81 12.47 12.5 67.93 39.4 92.485 125.283 236.373 2.02 3.63 4.51 4.5 98.88 55.4 121.717 72.494 218.727 -0.56 -1.25 0 0 79 44.3 129.513 80.461 263.292 0.58 0.77 0 0 3.79019643290424 3.8291603518265 4.68490224017535
2h8n C GLU 68 67.93 39.4 92.485 125.283 236.373 2.02 3.63 4.51 4.5 135.2 56.6 118.389 92.388 326.827 0.81 1.81 12.47 12.5 96.5 54.1 123.429 69.499 260.389 0.58 0.77 0 0 55.63 51.5 86.694 73.929 111.147 0.17 0.5 0 0 3.79019643290424 3.8068602548557 4.91162875225724
2h8n C GLN 69 96.5 54.1 123.429 69.499 260.389 0.58 0.77 0 0 79 44.3 129.513 80.461 263.292 0.58 0.77 0 0 67.93 39.4 92.485 125.283 236.373 2.02 3.63 4.51 4.5 98.88 55.4 121.717 72.494 218.727 -0.56 -1.25 0 0 3.79433696447746 3.8068602548557 5.01788690585988
2h8n C GLN 70 79 44.3 129.513 80.461 263.292 0.58 0.77 0 0 96.5 54.1 123.429 69.499 260.389 0.58 0.77 0 0 14.44 8.1 95.03 185.455 186.992 -0.56 -1.25 0 0 135.2 56.6 118.389 92.388 326.827 0.81 1.81 12.47 12.5 3.79433696447746 3.80592406650474 4.68490224017535
2h8n C LEU 71 14.44 8.1 95.03 185.455 186.992 -0.56 -1.25 0 0 103.62 58.1 117.287 72.821 267.507 0.58 0.77 0 0 79 44.3 129.513 80.461 263.292 0.58 0.77 0 0 87.82 51 114.961 86.097 263.637 2.02 3.63 4.67 4.5 3.79929085488331 3.80592406650474 4.7244924595135
2h8n C GLN 72 103.62 58.1 117.287 72.821 267.507 0.58 0.77 0 0 14.44 8.1 95.03 185.455 186.992 -0.56 -1.25 0 0 104.97 58.8 114.951 71.485 261.098 0.58 0.77 0 0 32.3 18.1 89.781 169.975 173.63 -0.56 -1.25 0 0 3.79929085488331 3.80151995917423 5.16866762328552
2h8n C GLN 73 104.97 58.8 114.951 71.485 261.098 0.58 0.77 0 0 87.82 51 114.961 86.097 263.637 2.02 3.63 4.67 4.5 103.62 58.1 117.287 72.821 267.507 0.58 0.77 0 0 119.95 67.1 102.724 60.137 234.386 -0.56 -1.25 0 0 3.79768482104558 3.80151995917423 5.1680030959743
2h8n C GLU 74 87.82 51 114.961 86.097 263.637 2.02 3.63 4.67 4.5 104.97 58.8 114.951 71.485 261.098 0.58 0.77 0 0 32.3 18.1 89.781 169.975 173.63 -0.56 -1.25 0 0 14.44 8.1 95.03 185.455 186.992 -0.56 -1.25 0 0 3.79768482104558 3.80534085201313 4.7244924595135
2h8n C LEU 75 32.3 18.1 89.781 169.975 173.63 -0.56 -1.25 0 0 119.95 67.1 102.724 60.137 234.386 -0.56 -1.25 0 0 87.82 51 114.961 86.097 263.637 2.02 3.63 4.67 4.5 28.8 16.1 112.815 147.303 189.884 -0.56 -1.25 0 0 3.80340176683978 3.80534085201313 4.88825674448469
2h8n C LEU 76 119.95 67.1 102.724 60.137 234.386 -0.56 -1.25 0 0 54.78 50.7 93.705 67.015 107.533 0.17 0.5 0 0 32.3 18.1 89.781 169.975 173.63 -0.56 -1.25 0 0 104.97 58.8 114.951 71.485 261.098 0.58 0.77 0 0 3.78452824008488 3.80340176683978 5.1680030959743
2h8n C ALA 77 54.78 50.7 93.705 67.015 107.533 0.17 0.5 0 0 119.95 67.1 102.724 60.137 234.386 -0.56 -1.25 0 0 28.8 16.1 112.815 147.303 189.884 -0.56 -1.25 0 0 87.82 51 114.961 86.097 263.637 2.02 3.63 4.67 4.5 3.78452824008488 3.80268707626594 5.12737418178155
2h8n C LEU 78 28.8 16.1 112.815 147.303 189.884 -0.56 -1.25 0 0 73.62 36.7 110.642 119.868 259.914 0.99 2.8 10.85 10.5 54.78 50.7 93.705 67.015 107.533 0.17 0.5 0 0 32.3 18.1 89.781 169.975 173.63 -0.56 -1.25 0 0 3.79781845274363 3.80268707626594 4.88825674448469
2h8n C LYS 79 73.62 36.7 110.642 119.868 259.914 0.99 2.8 10.85 10.5 118.54 66.4 107.824 66.42 272.826 0.58 0.77 0 0 28.8 16.1 112.815 147.303 189.884 -0.56 -1.25 0 0 119.95 67.1 102.724 60.137 234.386 -0.56 -1.25 0 0 3.78248397220662 3.79781845274363 5.28642166309121
2h8n C GLN 80 118.54 66.4 107.824 66.42 272.826 0.58 0.77 0 0 73.62 36.7 110.642 119.868 259.914 0.99 2.8 10.85 10.5 105.59 52.6 121.291 86.748 261.191 0.99 2.8 10.15 10.5 54.78 50.7 93.705 67.015 107.533 0.17 0.5 0 0 3.78248397220662 3.80325518470691 5.24463850041163
2h8n C LYS 81 105.59 52.6 121.291 86.748 261.191 0.99 2.8 10.15 10.5 118.54 66.4 107.824 66.42 272.826 0.58 0.77 0 0 2.62 1.5 107.841 184.984 174.433 0.58 0.77 0 0 28.8 16.1 112.815 147.303 189.884 -0.56 -1.25 0 0 3.80325518470691 3.81904778707992 5.04719922333169
2h8n C GLN 82 2.62 1.5 107.841 184.984 174.433 0.58 0.77 0 0 58.16 32.6 117.831 115.131 221.202 0.58 0.77 0 0 105.59 52.6 121.291 86.748 261.191 0.99 2.8 10.15 10.5 36.45 20.4 114.153 144.482 203.646 0.58 0.77 0 0 3.79755855781053 3.81904778707992 4.99148364717345
2h8n C GLN 83 58.16 32.6 117.831 115.131 221.202 0.58 0.77 0 0 2.62 1.5 107.841 184.984 174.433 0.58 0.77 0 0 86.4 49.3 126.152 70.637 197.381 -0.31 -1.12 0 0 13.81 5.8 108.148 233.122 251.352 0.81 1.81 11.54 12.5 3.79755855781053 3.81901466349633 5.24603478829487
2h8n C ILE 84 86.4 49.3 126.152 70.637 197.381 -0.31 -1.12 0 0 36.45 20.4 114.153 144.482 203.646 0.58 0.77 0 0 58.16 32.6 117.831 115.131 221.202 0.58 0.77 0 0 92.49 51.8 121.094 79.457 262.021 0.58 0.77 0 0 3.78651409610475 3.81901466349633 4.83835932935948
2h8n C GLN 85 36.45 20.4 114.153 144.482 203.646 0.58 0.77 0 0 86.4 49.3 126.152 70.637 197.381 -0.31 -1.12 0 0 13.81 5.8 108.148 233.122 251.352 0.81 1.81 11.54 12.5 98.91 56.5 117.691 71.047 200.513 -0.31 -1.12 0 0 3.78651409610475 3.83085094985435 4.88715469368425
2h8n C ARG 86 13.81 5.8 108.148 233.122 251.352 0.81 1.81 11.54 12.5 92.49 51.8 121.094 79.457 262.021 0.58 0.77 0 0 36.45 20.4 114.153 144.482 203.646 0.58 0.77 0 0 6.18 3.5 92.029 189.883 176.06 -0.56 -1.25 0 0 3.79126087205826 3.83085094985435 4.87377882140747
2h8n C GLN 87 92.49 51.8 121.094 79.457 262.021 0.58 0.77 0 0 98.91 56.5 117.691 71.047 200.513 -0.31 -1.12 0 0 13.81 5.8 108.148 233.122 251.352 0.81 1.81 11.54 12.5 86.4 49.3 126.152 70.637 197.381 -0.31 -1.12 0 0 3.78853335738251 3.79126087205826 4.83835932935948
2h8n C ILE 88 98.91 56.5 117.691 71.047 200.513 -0.31 -1.12 0 0 92.49 51.8 121.094 79.457 262.021 0.58 0.77 0 0 6.18 3.5 92.029 189.883 176.06 -0.56 -1.25 0 0 36.45 20.4 114.153 144.482 203.646 0.58 0.77 0 0 3.78853335738251 3.82094098357983 4.88715469368425
2h8n C LEU 89 6.18 3.5 92.029 189.883 176.06 -0.56 -1.25 0 0 14.1 8.1 91.486 174.804 188.326 -0.31 -1.12 0 0 98.91 56.5 117.691 71.047 200.513 -0.31 -1.12 0 0 13.81 5.8 108.148 233.122 251.352 0.81 1.81 11.54 12.5 3.80511366453093 3.82094098357983 4.87377882140747
2h8n C ILE 90 14.1 8.1 91.486 174.804 188.326 -0.31 -1.12 0 0 60.52 56.1 90.906 65.767 107.9 0.17 0.5 0 0 6.18 3.5 92.029 189.883 176.06 -0.56 -1.25 0 0 92.49 51.8 121.094 79.457 262.021 0.58 0.77 0 0 3.76040689287742 3.80511366453093 5.10073298654223
2h8n C ALA 91 60.52 56.1 90.906 65.767 107.9 0.17 0.5 0 0 14.1 8.1 91.486 174.804 188.326 -0.31 -1.12 0 0 66.13 38.4 124.063 98.451 229.807 2.02 3.63 5.38 4.5 98.91 56.5 117.691 71.047 200.513 -0.31 -1.12 0 0 3.76040689287742 3.80665351719854 4.92152882750878
2h8n C GLU 92 66.13 38.4 124.063 98.451 229.807 2.02 3.63 5.38 4.5 60.52 56.1 90.906 65.767 107.9 0.17 0.5 0 0 0.99 0.5 99.804 214.489 259.986 -1.13 -1.71 0 0 6.18 3.5 92.029 189.883 176.06 -0.56 -1.25 0 0 3.80665351719854 3.8171243102629 5.00512747090421
2h8n C PHE 93 0.99 0.5 99.804 214.489 259.986 -1.13 -1.71 0 0 68.05 38.1 111.128 98.944 230.889 0.58 0.77 0 0 66.13 38.4 124.063 98.451 229.807 2.02 3.63 5.38 4.5 46.15 25.9 111.745 136.305 231.056 0.58 0.77 0 0 3.77680936770708 3.8171243102629 4.84191635615486
2h8n C GLN 94 68.05 38.1 111.128 98.944 230.889 0.58 0.77 0 0 0.99 0.5 99.804 214.489 259.986 -1.13 -1.71 0 0 142.07 59.5 129.425 67.306 336.625 0.81 1.81 12.31 12.5 4.27 2.3 97.378 192.548 222.076 0.96 2.33 3.57 6.5 3.77680936770708 3.81745438741578 4.9661777052377
2h8n C ARG 95 142.07 59.5 129.425 67.306 336.625 0.81 1.81 12.31 12.5 46.15 25.9 111.745 136.305 231.056 0.58 0.77 0 0 68.05 38.1 111.128 98.944 230.889 0.58 0.77 0 0 0.99 0.5 99.804 214.489 259.986 -1.13 -1.71 0 0 3.80701103229292 3.81745438741578 5.20024778255805
2h8n C GLN 96 46.15 25.9 111.745 136.305 231.056 0.58 0.77 0 0 4.27 2.3 97.378 192.548 222.076 0.96 2.33 3.57 6.5 142.07 59.5 129.425 67.306 336.625 0.81 1.81 12.31 12.5 0.99 0.5 99.804 214.489 259.986 -1.13 -1.71 0 0 3.79602397252704 3.80701103229292 4.84191635615486
2h8n C HIS 97 4.27 2.3 97.378 192.548 222.076 0.96 2.33 3.57 6.5 46.15 25.9 111.745 136.305 231.056 0.58 0.77 0 0 20.02 11.6 125.493 130.659 198.867 2.02 3.63 4.46 4.5 68.05 38.1 111.128 98.944 230.889 0.58 0.77 0 0 3.79602397252704 3.82902925034532 4.9661777052377
2h8n C GLU 98 20.02 11.6 125.493 130.659 198.867 2.02 3.63 4.46 4.5 86.22 48.3 133.241 73.084 254.954 0.58 0.77 0 0 4.27 2.3 97.378 192.548 222.076 0.96 2.33 3.57 6.5 20.34 17.5 91.511 116.097 128.457 0.13 0.46 0 0 3.79408566060388 3.82902925034532 4.97907089726587
2h8n C GLN 99 86.22 48.3 133.241 73.084 254.954 0.58 0.77 0 0 20.02 11.6 125.493 130.659 198.867 2.02 3.63 4.46 4.5 24.7 13.8 110.423 156.273 188.561 -0.56 -1.25 0 0 46.15 25.9 111.745 136.305 231.056 0.58 0.77 0 0 3.79408566060388 3.79882271236761 5.05244980182881
2h8n C LEU 100 24.7 13.8 110.423 156.273 188.561 -0.56 -1.25 0 0 86.22 48.3 133.241 73.084 254.954 0.58 0.77 0 0 20.34 17.5 91.511 116.097 128.457 0.13 0.46 0 0 85.06 47.7 125.915 80.696 246.682 0.58 0.77 0 0 3.79882271236761 3.82374593821294 4.99556933692247
2h8n C SER 101 20.34 17.5 91.511 116.097 128.457 0.13 0.46 0 0 121.1 50.7 120.876 107.493 329.799 0.81 1.81 13.41 12.5 24.7 13.8 110.423 156.273 188.561 -0.56 -1.25 0 0 20.02 11.6 125.493 130.659 198.867 2.02 3.63 4.46 4.5 3.7918387360224 3.82374593821294 4.97907089726587
2h8n C ARG 102 121.1 50.7 120.876 107.493 329.799 0.81 1.81 13.41 12.5 20.34 17.5 91.511 116.097 128.457 0.13 0.46 0 0 85.06 47.7 125.915 80.696 246.682 0.58 0.77 0 0 12.77 7.4 110.038 161.173 212.227 2.02 3.63 3.89 4.5 3.7918387360224 3.80458499707918 4.83055203884608
2h8n C GLN 103 85.06 47.7 125.915 80.696 246.682 0.58 0.77 0 0 16.52 9 107.41 173.667 196.981 0.96 2.33 3.68 6.5 121.1 50.7 120.876 107.493 329.799 0.81 1.81 13.41 12.5 24.7 13.8 110.423 156.273 188.561 -0.56 -1.25 0 0 3.76374600630808 3.80458499707918 4.99556933692247
2h8n C HIS 104 16.52 9 107.41 173.667 196.981 0.96 2.33 3.68 6.5 85.06 47.7 125.915 80.696 246.682 0.58 0.77 0 0 12.77 7.4 110.038 161.173 212.227 2.02 3.63 3.89 4.5 20.34 17.5 91.511 116.097 128.457 0.13 0.46 0 0 3.76374600630808 3.78937118794134 5.25177817505652
2h8n C GLU 105 12.77 7.4 110.038 161.173 212.227 2.02 3.63 3.89 4.5 16.52 9 107.41 173.667 196.981 0.96 2.33 3.68 6.5 60.45 56 87.07 68.381 112.039 0.17 0.5 0 0 121.1 50.7 120.876 107.493 329.799 0.81 1.81 13.41 12.5 3.78937118794134 3.82136140661937 4.83055203884608
2h8n C ALA 106 60.45 56 87.07 68.381 112.039 0.17 0.5 0 0 35.7 20 107.936 147.943 216.18 0.58 0.77 0 0 12.77 7.4 110.038 161.173 212.227 2.02 3.63 3.89 4.5 40.78 22.3 110.964 151.799 233.755 0.96 2.33 4.98 6.5 3.81511113861706 3.82136140661937 4.95130366671244
2h8n C GLN 107 35.7 20 107.936 147.943 216.18 0.58 0.77 0 0 8.55 4.8 79.129 205.886 180.201 -0.56 -1.25 0 0 60.45 56 87.07 68.381 112.039 0.17 0.5 0 0 94.92 55.1 120.492 67.22 260.713 2.02 3.63 4.68 4.5 3.78868116895576 3.81511113861706 4.72551066023557
2h8n C LEU 108 8.55 4.8 79.129 205.886 180.201 -0.56 -1.25 0 0 35.7 20 107.936 147.943 216.18 0.58 0.77 0 0 40.78 22.3 110.964 151.799 233.755 0.96 2.33 4.98 6.5 14.34 7.8 95.787 188.218 226.27 0.96 2.33 5.05 6.5 3.78868116895576 3.83272409651413 4.95462803851107
2h8n C HIS 109 40.78 22.3 110.964 151.799 233.755 0.96 2.33 4.98 6.5 94.92 55.1 120.492 67.22 260.713 2.02 3.63 4.68 4.5 8.55 4.8 79.129 205.886 180.201 -0.56 -1.25 0 0 17.51 10 96.872 172.712 194.987 -0.31 -1.12 0 0 3.81878959881269 3.83272409651413 4.79394931137157
2h8n C GLU 110 94.92 55.1 120.492 67.22 260.713 2.02 3.63 4.68 4.5 14.34 7.8 95.787 188.218 226.27 0.96 2.33 5.05 6.5 40.78 22.3 110.964 151.799 233.755 0.96 2.33 4.98 6.5 35.7 20 107.936 147.943 216.18 0.58 0.77 0 0 3.78885061727168 3.81878959881269 4.72551066023557
2h8n C HIS 111 14.34 7.8 95.787 188.218 226.27 0.96 2.33 5.05 6.5 94.92 55.1 120.492 67.22 260.713 2.02 3.63 4.68 4.5 17.51 10 96.872 172.712 194.987 -0.31 -1.12 0 0 8.55 4.8 79.129 205.886 180.201 -0.56 -1.25 0 0 3.78885061727168 3.81946658579441 4.95462803851107
2h8n C ILE 112 17.51 10 96.872 172.712 194.987 -0.31 -1.12 0 0 137.45 68.4 104.548 65.836 291.873 0.99 2.8 10.57 10.5 14.34 7.8 95.787 188.218 226.27 0.96 2.33 5.05 6.5 40.78 22.3 110.964 151.799 233.755 0.96 2.33 4.98 6.5 3.81753140131159 3.81946658579441 4.79394931137157
2h8n C LYS 113 137.45 68.4 104.548 65.836 291.873 0.99 2.8 10.57 10.5 78.61 44 112.046 100.783 252.144 0.58 0.77 0 0 17.51 10 96.872 172.712 194.987 -0.31 -1.12 0 0 79.13 44.3 106.53 108.92 238.485 0.58 0.77 0 0 3.80957609190314 3.81753140131159 5.14107158090606
2h8n C GLN 114 78.61 44 112.046 100.783 252.144 0.58 0.77 0 0 26.39 14.8 107.415 146.634 232.152 0.58 0.77 0 0 137.45 68.4 104.548 65.836 291.873 0.99 2.8 10.57 10.5 79.13 44.3 106.53 108.92 238.485 0.58 0.77 0 0 3.77407114400351 3.80957609190314 4.5910803739425
2h8n C GLN 115 26.39 14.8 107.415 146.634 232.152 0.58 0.77 0 0 78.61 44 112.046 100.783 252.144 0.58 0.77 0 0 79.13 44.3 106.53 108.92 238.485 0.58 0.77 0 0 23.07 11.9 109.625 163.566 191.592 -0.23 -0.67 0 0 3.77407114400351 3.80631501586508 5.03636069002211
2h8n C GLN 116 79.13 44.3 106.53 108.92 238.485 0.58 0.77 0 0 26.39 14.8 107.415 146.634 232.152 0.58 0.77 0 0 106.67 61.9 114.614 65.54 275.27 2.02 3.63 4.51 4.5 78.61 44 112.046 100.783 252.144 0.58 0.77 0 0 3.80631501586508 3.81079243727601 4.5910803739425
2h8n C GLU 117 106.67 61.9 114.614 65.54 275.27 2.02 3.63 4.51 4.5 79.13 44.3 106.53 108.92 238.485 0.58 0.77 0 0 23.07 11.9 109.625 163.566 191.592 -0.23 -0.67 0 0 22.96 21.3 104.854 89.799 84.736 0.17 0.5 0 0 3.81079243727601 3.8145143858688 4.50258559052463
2h8n C MET 118 23.07 11.9 109.625 163.566 191.592 -0.23 -0.67 0 0 37.79 21.2 122.229 132.468 202.073 -0.56 -1.25 0 0 106.67 61.9 114.614 65.54 275.27 2.02 3.63 4.51 4.5 26.39 14.8 107.415 146.634 232.152 0.58 0.77 0 0 3.80696361947419 3.8145143858688 5.03636069002211
2h8n C LEU 119 37.79 21.2 122.229 132.468 202.073 -0.56 -1.25 0 0 22.96 21.3 104.854 89.799 84.736 0.17 0.5 0 0 23.07 11.9 109.625 163.566 191.592 -0.23 -0.67 0 0 49.03 24.4 121.334 140.163 240.063 0.99 2.8 10.63 10.5 3.79731549913883 3.80696361947419 4.75863184119133
2h8n C ALA 120 22.96 21.3 104.854 89.799 84.736 0.17 0.5 0 0 37.79 21.2 122.229 132.468 202.073 -0.56 -1.25 0 0 130.75 67.3 105.065 65.33 209.635 -0.23 -0.67 0 0 106.67 61.9 114.614 65.54 275.27 2.02 3.63 4.51 4.5 3.79731549913883 3.80026499076051 4.50258559052463
2h8n C MET 121 130.75 67.3 105.065 65.33 209.635 -0.23 -0.67 0 0 22.96 21.3 104.854 89.799 84.736 0.17 0.5 0 0 49.03 24.4 121.334 140.163 240.063 0.99 2.8 10.63 10.5 61.74 34.6 137.017 81.505 224.526 0.58 0.77 0 0 3.80026499076051 3.80650863653296 4.85452788641697
2h8n C LYS 122 49.03 24.4 121.334 140.163 240.063 0.99 2.8 10.63 10.5 46.26 25.3 96.371 161.169 246.544 0.96 2.33 6.16 6.5 130.75 67.3 105.065 65.33 209.635 -0.23 -0.67 0 0 37.79 21.2 122.229 132.468 202.073 -0.56 -1.25 0 0 3.80155507654434 3.80650863653296 4.75863184119133
2h8n C HIS 123 46.26 25.3 96.371 161.169 246.544 0.96 2.33 6.16 6.5 49.03 24.4 121.334 140.163 240.063 0.99 2.8 10.63 10.5 99.58 55.8 109.817 82.892 252.78 0.58 0.77 0 0 86.3 50.1 121.824 76.196 248.908 2.02 3.63 4.5 4.5 3.80155507654434 3.80625235632111 4.36696713978935
2h8n C GLN 124 99.58 55.8 109.817 82.892 252.78 0.58 0.77 0 0 61.74 34.6 137.017 81.505 224.526 0.58 0.77 0 0 46.26 25.3 96.371 161.169 246.544 0.96 2.33 6.16 6.5 130.75 67.3 105.065 65.33 209.635 -0.23 -0.67 0 0 3.8011570606856 3.80625235632111 5.02479392612274
2h8n C GLN 125 61.74 34.6 137.017 81.505 224.526 0.58 0.77 0 0 99.58 55.8 109.817 82.892 252.78 0.58 0.77 0 0 86.3 50.1 121.824 76.196 248.908 2.02 3.63 4.5 4.5 130.75 67.3 105.065 65.33 209.635 -0.23 -0.67 0 0 3.8011570606856 3.80136265041893 4.85452788641697
2h8n C GLU 126 86.3 50.1 121.824 76.196 248.908 2.02 3.63 4.5 4.5 61.74 34.6 137.017 81.505 224.526 0.58 0.77 0 0 102.92 57.6 80.404 110.358 235.738 -0.56 -1.25 0 0 46.26 25.3 96.371 161.169 246.544 0.96 2.33 6.16 6.5 3.80136265041893 3.80608644147765 4.36696713978935
2h8n C LEU 127 102.92 57.6 80.404 110.358 235.738 -0.56 -1.25 0 0 86.3 50.1 121.824 76.196 248.908 2.02 3.63 4.5 4.5 147.63 82.6 95.521 48.665 232.825 -0.56 -1.25 0 0 61.74 34.6 137.017 81.505 224.526 0.58 0.77 0 0 3.80608644147765 3.80679261321128 5.00395143861329
2h8n C LEU 128 147.63 82.6 95.521 48.665 232.825 -0.56 -1.25 0 0 151.66 88 100.499 33.962 279.478 2.02 3.63 5.16 4.5 102.92 57.6 80.404 110.358 235.738 -0.56 -1.25 0 0 86.3 50.1 121.824 76.196 248.908 2.02 3.63 4.5 4.5 3.79862856831252 3.80679261321128 5.11653671930535
2h8n C GLU 129 151.66 88 100.499 33.962 279.478 2.02 3.63 5.16 4.5 147.63 82.6 95.521 48.665 232.825 -0.56 -1.25 0 0 86.3 50.1 121.824 76.196 248.908 2.02 3.63 4.5 4.5 102.92 57.6 80.404 110.358 235.738 -0.56 -1.25 0 0 3.79862856831252 4.46436680840632 5.29892300378105
